2 0.32109375 0.821875 0.05 0.178125
2 0.7484375 0.73125 0.06484375 0.15078125
2 0.42265625 0.5203125 0.0328125 0.0890625
2 0.6703125 0.53984375 0.0375 0.0890625
2 0.23671875 0.54921875 0.02890625 0.09296875
2 0.4953125 0.54765625 0.0328125 0.1
2 0.19375 0.34453125 0.01484375 0.04921875
2 0.6125 0.5375 0.02734375 0.07578125
2 0.3609375 0.43671875 0.0234375 0.0640625
2 0.4734375 0.47578125 0.025 0.07578125
2 0.1734375 0.4921875 0.02265625 0.06875
2 0.93046875 0.96640625 0.0984375 0.0625
2 0.3984375 0.41015625 0.02109375 0.06015625
2 0.359375 0.334375 0.0140625 0.046875
2 0.4484375 0.40078125 0.01875 0.06015625
2 0.4265625 0.3578125 0.01484375 0.03984375
2 0.42421875 0.42890625 0.0234375 0.0578125