0 0.4859375 0.36796875 0.10234375 0.1796875
0 0.37890625 0.22421875 0.02734375 0.0578125
2 0.5890625 0.846875 0.06484375 0.18203125
2 0.40078125 0.8421875 0.0484375 0.1640625
2 0.49375 0.87421875 0.06015625 0.19296875
2 0.20703125 0.4578125 0.0234375 0.06640625
2 0.47421875 0.68359375 0.0390625 0.121875
2 0.54453125 0.72109375 0.0484375 0.1359375
2 0.7015625 0.92421875 0.0953125 0.146875
2 0.6265625 0.684375 0.04609375 0.1375
2 0.5609375 0.553125 0.03359375 0.09296875
2 0.0484375 0.5359375 0.02734375 0.0796875
2 0.23828125 0.51640625 0.02890625 0.078125
2 0.44921875 0.53125 0.03125 0.084375
2 0.3578125 0.41015625 0.0203125 0.0640625
2 0.42265625 0.334375 0.0125 0.0375
2 0.5140625 0.58984375 0.03984375 0.0953125
2 0.38125 0.4796875 0.02734375 0.07578125
2 0.4890625 0.52109375 0.03359375 0.08203125
2 0.41171875 0.703125 0.04140625 0.11796875
2 0.41484375 0.4 0.0171875 0.0578125
2 0.409375 0.496875 0.02109375 0.06875
2 0.3609375 0.28984375 0.0109375 0.0375
2 0.78515625 0.90703125 0.0421875 0.1734375
2 0.40078125 0.5890625 0.0359375 0.10234375
2 0.8109375 0.90859375 0.0953125 0.178125
2 0.37890625 0.36015625 0.01484375 0.04453125
2 0.39453125 0.365625 0.01640625 0.05078125
2 0.40390625 0.42421875 0.0171875 0.04921875
2 0.50234375 0.2546875 0.0125 0.02421875
2 0.3453125 0.321875 0.01484375 0.04453125
2 0.35234375 0.35859375 0.01484375 0.046875
1 0.6734375 0.49140625 0.10390625 0.1421875
1 0.8296875 0.7859375 0.2140625 0.28671875
1 0.5453125 0.3625 0.02890625 0.07109375