2 0.346875 0.8359375 0.05390625 0.1640625
2 0.19765625 0.4109375 0.02265625 0.0625
2 0.27890625 0.58125 0.0328125 0.09140625
2 0.5046875 0.78984375 0.05390625 0.1625
2 0.54140625 0.7359375 0.04765625 0.12890625
2 0.3703125 0.45078125 0.025 0.07109375
2 0.64765625 0.67421875 0.0421875 0.13125
2 0.4265625 0.67890625 0.04140625 0.09140625
2 0.4140625 0.53203125 0.0296875 0.08671875
2 0.353125 0.6953125 0.0390625 0.09765625
2 0.440625 0.84296875 0.05625 0.16640625
2 0.6390625 0.92578125 0.06875 0.14453125
2 0.94453125 0.846875 0.09375 0.16015625
2 0.3046875 0.52421875 0.0484375 0.0796875
2 0.790625 0.73671875 0.0765625 0.10859375
2 0.34921875 0.35078125 0.0140625 0.0359375
2 0.4875 0.61875 0.0421875 0.1046875
2 0.04609375 0.4078125 0.0375 0.05078125
2 0.603125 0.51015625 0.03125 0.078125
2 0.39609375 0.4265625 0.0203125 0.0625
2 0.690625 0.8 0.05859375 0.12890625
2 0.5703125 0.54921875 0.025 0.084375
2 0.609375 0.77890625 0.0484375 0.11328125
2 0.54765625 0.57421875 0.03515625 0.09140625
2 0.53984375 0.9703125 0.0796875 0.05546875
2 0.37421875 0.3625 0.0140625 0.04453125
2 0.72890625 0.9109375 0.0828125 0.1734375
2 0.4859375 0.45078125 0.02109375 0.07109375
2 0.071875 0.39921875 0.0359375 0.0421875
2 0.5046875 0.4765625 0.02265625 0.0734375
2 0.4609375 0.4796875 0.0296875 0.07109375
2 0.71953125 0.72578125 0.0390625 0.0953125
2 0.47578125 0.5296875 0.03359375 0.078125
2 0.603125 0.66875 0.0515625 0.0796875
2 0.815625 0.69921875 0.02890625 0.1265625
1 0.734375 0.56640625 0.14609375 0.16875
1 0.8796875 0.8859375 0.2375 0.22421875