0 0.1953125 0.253125 0.0671875 0.07578125
2 0.3109375 0.89921875 0.0484375 0.16640625
2 0.475 0.4078125 0.0171875 0.06015625
2 0.39140625 0.6796875 0.05234375 0.12421875
2 0.5546875 0.46640625 0.0296875 0.0796875
2 0.21796875 0.49453125 0.0234375 0.06875
2 0.153125 0.478125 0.0265625 0.0796875
2 0.4453125 0.37421875 0.01484375 0.046875
2 0.47578125 0.33125 0.0140625 0.03984375
2 0.50703125 0.35234375 0.01640625 0.05546875
2 0.3453125 0.3140625 0.0140625 0.05078125
2 0.57890625 0.26328125 0.025 0.02421875
2 0.42109375 0.3625 0.0171875 0.04921875
2 0.5375 0.25546875 0.0125 0.0265625
2 0.390625 0.35234375 0.01640625 0.0421875
2 0.36640625 0.31328125 0.01484375 0.04453125
2 0.459375 0.31875 0.0109375 0.0375
2 0.1609375 0.3234375 0.01484375 0.0421875
1 0.1984375 0.33203125 0.04375 0.06875