2 0.3890625 0.8578125 0.0578125 0.178125
2 0.22578125 0.9390625 0.07109375 0.11796875
2 0.0765625 0.6796875 0.03984375 0.10703125
2 0.53203125 0.81328125 0.05625 0.146875
2 0.4578125 0.93359375 0.07265625 0.12890625
2 0.12890625 0.77109375 0.06015625 0.1421875
2 0.17421875 0.36640625 0.01640625 0.053125
2 0.4734375 0.6859375 0.0390625 0.11796875
2 0.55625 0.6296875 0.0421875 0.121875
2 0.3828125 0.58359375 0.02890625 0.09140625
2 0.6046875 0.784375 0.0578125 0.15078125
2 0.3734375 0.478125 0.025 0.07109375
2 0.065625 0.4609375 0.0265625 0.0734375
2 0.09375 0.46328125 0.02734375 0.0640625
2 0.1890625 0.3390625 0.01484375 0.0421875
2 0.61953125 0.67890625 0.04609375 0.1359375
2 0.60546875 0.584375 0.04609375 0.0796875
2 0.5 0.65078125 0.02734375 0.10703125
2 0.40234375 0.5390625 0.0296875 0.08671875
2 0.8609375 0.9796875 0.0703125 0.0359375
2 0.38046875 0.4140625 0.0234375 0.05078125
2 0.35390625 0.384375 0.0171875 0.0625
2 0.48515625 0.328125 0.01484375 0.0375
2 0.53359375 0.56328125 0.02734375 0.0953125
2 0.45546875 0.4890625 0.0265625 0.07109375
2 0.5109375 0.596875 0.02890625 0.09140625
2 0.42265625 0.515625 0.02265625 0.084375
2 0.8453125 0.96640625 0.1015625 0.0625
2 0.415625 0.434375 0.0265625 0.06015625
2 0.6171875 0.984375 0.04140625 0.0265625
2 0.58046875 0.51640625 0.02109375 0.06875
1 0.29296875 0.65078125 0.15859375 0.26640625
1 0.78125 0.77890625 0.21015625 0.3046875
1 0.94921875 0.8421875 0.0984375 0.23984375
1 0.6734375 0.49453125 0.1234375 0.1578125