0 0.3828125 0.22578125 0.03125 0.05546875
2 0.33359375 0.73125 0.0578125 0.2046875
2 0.71875 0.8046875 0.0625 0.15546875
2 0.9390625 0.784375 0.08515625 0.16015625
2 0.82734375 0.82109375 0.07265625 0.16640625
2 0.4265625 0.56640625 0.0328125 0.10703125
2 0.5296875 0.82421875 0.05234375 0.16015625
2 0.66484375 0.51328125 0.0328125 0.0890625
2 0.3515625 0.546875 0.02890625 0.084375
2 0.6265625 0.57109375 0.0296875 0.0890625
2 0.46484375 0.4640625 0.02265625 0.07578125
2 0.5765625 0.7078125 0.04140625 0.1265625
2 0.65234375 0.9359375 0.08515625 0.12421875
2 0.5046875 0.5640625 0.03125 0.09296875
2 0.3921875 0.415625 0.0203125 0.0625
2 0.93671875 0.9703125 0.1015625 0.05546875
2 0.484375 0.41328125 0.01875 0.0578125
2 0.79296875 0.65234375 0.0515625 0.0953125
2 0.3703125 0.4265625 0.0203125 0.06640625
2 0.1703125 0.3546875 0.0140625 0.0375
2 0.5265625 0.5359375 0.0234375 0.0890625
2 0.44375 0.40703125 0.0203125 0.0625
2 0.59453125 0.59140625 0.03359375 0.09765625
2 0.5390625 0.4296875 0.0203125 0.05546875
2 0.0453125 0.40703125 0.03984375 0.053125
2 0.41015625 0.48671875 0.02265625 0.07109375
2 0.56328125 0.5359375 0.02890625 0.0796875
2 0.428125 0.4640625 0.02109375 0.0625
2 0.07109375 0.396875 0.0375 0.05078125
2 0.37734375 0.35234375 0.01484375 0.0421875
2 0.7359375 0.6453125 0.0453125 0.121875
1 0.2109375 0.36015625 0.0453125 0.06640625
1 0.5578125 0.3859375 0.05859375 0.08203125