0 0.1953125 0.25078125 0.07265625 0.07109375
2 0.46875 0.82109375 0.04765625 0.1625
2 0.6875 0.9265625 0.07265625 0.1421875
2 0.41015625 0.6625 0.0375 0.10703125
2 0.378125 0.60703125 0.03359375 0.10703125
2 0.3421875 0.58359375 0.0421875 0.1046875
2 0.69609375 0.6140625 0.0453125 0.11328125
2 0.52734375 0.70078125 0.05 0.14921875
2 0.6046875 0.546875 0.03125 0.0890625
2 0.55703125 0.4125 0.01875 0.06015625
2 0.3015625 0.49921875 0.0234375 0.0640625
2 0.0890625 0.4078125 0.0359375 0.0734375
2 0.71953125 0.79140625 0.06640625 0.16875
2 0.48828125 0.3140625 0.0109375 0.0375
2 0.4359375 0.41640625 0.0203125 0.0640625
2 0.5390625 0.5734375 0.02734375 0.09296875
2 0.49375 0.25703125 0.0125 0.02421875
2 0.5140625 0.365625 0.0171875 0.03359375
2 0.36015625 0.42578125 0.0203125 0.0640625
2 0.32265625 0.3453125 0.01484375 0.05546875
2 0.45 0.3921875 0.0171875 0.05546875
2 0.615625 0.446875 0.0234375 0.06640625
2 0.4109375 0.38671875 0.01640625 0.053125
2 0.58671875 0.6625 0.0484375 0.13359375
2 0.37265625 0.3296875 0.01484375 0.0421875
2 0.17265625 0.32890625 0.01484375 0.04921875
2 0.38203125 0.44765625 0.01875 0.0640625
2 0.42890625 0.36796875 0.01484375 0.0421875
2 0.39453125 0.415625 0.01875 0.053125
2 0.3859375 0.35703125 0.0140625 0.0421875
1 0.21171875 0.3890625 0.0515625 0.0796875
1 0.503125 0.4203125 0.06640625 0.09296875