0 0.225 0.2546875 0.0671875 0.08203125
2 0.26484375 0.7109375 0.0453125 0.1421875
2 0.1953125 0.42578125 0.0234375 0.0640625
2 0.23359375 0.62421875 0.03515625 0.10703125
2 0.246875 0.35 0.01640625 0.06015625
2 0.25859375 0.34453125 0.0125 0.053125
2 0.1953125 0.3 0.02734375 0.03125
2 0.5765625 0.27890625 0.02265625 0.03359375
2 0.3734375 0.28671875 0.0234375 0.0359375
2 0.1484375 0.29765625 0.0296875 0.0359375
2 0.22890625 0.284375 0.02265625 0.03125
2 0.52421875 0.28125 0.02109375 0.02890625
2 0.19140625 0.37890625 0.0171875 0.0421875