0 0.2125 0.26875 0.09765625 0.0796875
2 0.2984375 0.6296875 0.0390625 0.121875
2 0.2203125 0.63671875 0.0390625 0.11328125
2 0.21953125 0.50078125 0.0265625 0.078125
2 0.13046875 0.40546875 0.01875 0.05078125
2 0.17421875 0.334375 0.01640625 0.0375
2 0.546875 0.28125 0.02109375 0.02890625
2 0.35078125 0.28671875 0.0234375 0.0265625
2 0.4796875 0.26875 0.0265625 0.03125
2 0.31796875 0.28203125 0.0140625 0.03125
2 0.6828125 0.2859375 0.0265625 0.03359375
1 0.19765625 0.3953125 0.0546875 0.10703125