2 0.2828125 0.6546875 0.0328125 0.11796875
2 0.4828125 0.75078125 0.0703125 0.15078125
2 0.5875 0.4203125 0.0296875 0.0578125
2 0.1796875 0.4859375 0.02734375 0.0734375
2 0.178125 0.36015625 0.01640625 0.053125
2 0.1984375 0.328125 0.01484375 0.05078125
2 0.1328125 0.3140625 0.0171875 0.0375
2 0.190625 0.41328125 0.01875 0.0578125
2 0.5484375 0.2796875 0.02265625 0.021875
2 0.578125 0.2703125 0.01875 0.02421875
2 0.3671875 0.284375 0.025 0.0265625
2 0.32734375 0.29453125 0.01484375 0.03359375
2 0.48359375 0.28203125 0.02265625 0.0265625