2 0.2 0.534375 0.0328125 0.09140625
2 0.678125 0.7 0.0515625 0.12890625
2 0.55 0.57890625 0.0375 0.1046875
2 0.70625 0.5875 0.0421875 0.0953125
2 0.50078125 0.628125 0.04375 0.11796875
2 0.4453125 0.4109375 0.02109375 0.0578125
2 0.36484375 0.38984375 0.0203125 0.05546875
2 0.34375 0.3359375 0.0125 0.03984375
2 0.56953125 0.46640625 0.02890625 0.07109375
2 0.3921875 0.378125 0.01875 0.0578125
2 0.415625 0.38984375 0.01875 0.06015625
2 0.4890625 0.5109375 0.03359375 0.0796875
2 0.4375 0.3625 0.01484375 0.04921875
2 0.17265625 0.33359375 0.01484375 0.03984375
2 0.45859375 0.35078125 0.01484375 0.04921875
2 0.1671875 0.32578125 0.0265625 0.05546875
1 0.290625 0.68359375 0.1640625 0.29140625
1 0.5234375 0.371875 0.05625 0.0734375