2 0.25 0.5734375 0.0328125 0.09765625
2 0.196875 0.68671875 0.04375 0.12890625
2 0.1765625 0.55703125 0.03359375 0.0953125
2 0.234375 0.40078125 0.01875 0.06015625
2 0.3703125 0.2859375 0.025 0.03359375
2 0.1796875 0.43671875 0.0234375 0.0640625
2 0.21328125 0.471875 0.0265625 0.0734375
2 0.4484375 0.2796875 0.02265625 0.0265625
2 0.18125 0.3609375 0.01484375 0.0421875
2 0.409375 0.2625 0.00859375 0.03125
2 0.2078125 0.3921875 0.01875 0.05078125
2 0.23046875 0.34453125 0.0140625 0.0359375
2 0.159375 0.321875 0.0234375 0.04453125
2 0.16484375 0.328125 0.0125 0.0375
2 0.5046875 0.271875 0.01875 0.0375
2 0.2015625 0.365625 0.0140625 0.0421875
2 0.00390625 0.55703125 0.0078125 0.06875