2 0.20625 0.6640625 0.0375 0.12421875
2 0.3046875 0.70546875 0.04140625 0.1359375
2 0.2265625 0.50859375 0.025 0.07578125
2 0.38828125 0.47890625 0.0234375 0.078125
2 0.659375 0.65078125 0.0484375 0.1109375
2 0.4140625 0.6734375 0.0375 0.10703125
2 0.509375 0.70078125 0.0390625 0.11796875
2 0.4328125 0.96640625 0.05234375 0.0625
2 0.7671875 0.9578125 0.09140625 0.0796875
2 0.61875 0.94140625 0.0703125 0.11328125
2 0.4921875 0.4296875 0.0203125 0.0640625
2 0.35625 0.3421875 0.01484375 0.04921875
2 0.5171875 0.41796875 0.0203125 0.0625
2 0.4328125 0.47890625 0.02734375 0.078125
2 0.29296875 0.5890625 0.0359375 0.0796875
2 0.45546875 0.37109375 0.01640625 0.04921875
2 0.4421875 0.63359375 0.03125 0.10703125
2 0.60390625 0.8078125 0.0625 0.11328125
2 0.0453125 0.4296875 0.02265625 0.078125
2 0.41328125 0.3859375 0.01875 0.06015625
2 0.5390625 0.44765625 0.02265625 0.0640625
2 0.45859375 0.571875 0.02734375 0.1
2 0.7640625 0.871875 0.07734375 0.1796875
2 0.221875 0.3453125 0.0140625 0.0375
2 0.159375 0.32421875 0.01640625 0.03984375
2 0.52890625 0.6203125 0.02734375 0.115625
2 0.15390625 0.39453125 0.0171875 0.05546875
2 0.428125 0.36875 0.01640625 0.04921875
2 0.58671875 0.646875 0.0359375 0.10234375
2 0.1875 0.3421875 0.01484375 0.04453125
2 0.4703125 0.35234375 0.0140625 0.046875
2 0.37734375 0.3234375 0.01484375 0.0421875
2 0.509375 0.5375 0.03125 0.07578125
2 0.39609375 0.34921875 0.01484375 0.04453125
2 0.43515625 0.3 0.01015625 0.0359375
2 0.11171875 0.35 0.0109375 0.046875
2 0.4953125 0.378125 0.01484375 0.03984375
2 0.20625 0.3625 0.01484375 0.04921875
2 0.61015625 0.60078125 0.0296875 0.10859375
3 0.6984375 0.50078125 0.1375 0.19765625
1 0.91328125 0.85 0.17109375 0.2953125