2 0.0765625 0.54453125 0.0328125 0.09296875
2 0.1765625 0.43984375 0.02734375 0.06640625
2 0.1515625 0.48984375 0.0265625 0.08203125
2 0.16796875 0.3265625 0.01640625 0.03984375
2 0.48828125 0.284375 0.0234375 0.0265625
2 0.54609375 0.2796875 0.02265625 0.0265625
2 0.0765625 0.396875 0.0265625 0.05078125
2 0.0453125 0.41015625 0.04140625 0.05078125
2 0.35859375 0.28671875 0.03515625 0.0359375
2 0.5203125 0.27890625 0.0234375 0.02890625
2 0.19140625 0.29296875 0.02734375 0.0359375
2 0.23671875 0.28203125 0.0234375 0.0359375
2 0.1234375 0.32578125 0.0171875 0.03359375
2 0.41171875 0.28671875 0.0265625 0.0265625
2 0.6828125 0.284375 0.0265625 0.0359375
2 0.221875 0.4296875 0.0234375 0.05078125
1 0.225 0.54921875 0.10234375 0.18671875