0 0.1984375 0.2453125 0.0734375 0.06015625
2 0.2046875 0.51640625 0.02890625 0.08671875
2 0.225 0.4390625 0.0171875 0.06015625
2 0.4671875 0.2796875 0.0234375 0.0265625
2 0.146875 0.29765625 0.0265625 0.0265625
2 0.3703125 0.28671875 0.0234375 0.0265625
2 0.228125 0.284375 0.02109375 0.03125
2 0.21640625 0.3765625 0.0171875 0.0375
2 0.5390625 0.278125 0.0421875 0.03984375
2 0.4171875 0.25859375 0.0171875 0.02421875
2 0.2046875 0.45234375 0.0234375 0.05546875
2 0.6828125 0.28125 0.0265625 0.0421875
2 0.00390625 0.553125 0.0078125 0.0625