2 0.38203125 0.75703125 0.05390625 0.1625
2 0.3578125 0.28671875 0.0265625 0.0265625
2 0.19609375 0.36875 0.01484375 0.03984375
2 0.215625 0.378125 0.01640625 0.04921875
2 0.4828125 0.30703125 0.02890625 0.03125
2 0.15 0.41328125 0.0171875 0.053125
2 0.0453125 0.4078125 0.03984375 0.05078125
2 0.49296875 0.28359375 0.0234375 0.02421875
2 0.07109375 0.39921875 0.0375 0.046875
2 0.425 0.2859375 0.025 0.02890625
2 0.4578125 0.2796875 0.02734375 0.03125
1 0.1765625 0.4703125 0.0703125 0.11328125
1 0.21953125 0.32109375 0.04140625 0.05078125