2 0.3609375 0.803125 0.0453125 0.153125
2 0.1234375 0.5703125 0.03125 0.0953125
2 0.44609375 0.91796875 0.06015625 0.16015625
2 0.7984375 0.91875 0.09375 0.1578125
2 0.77578125 0.671875 0.0609375 0.13125
2 0.475 0.63984375 0.0328125 0.10703125
2 0.52421875 0.85703125 0.05390625 0.1625
2 0.4265625 0.74765625 0.0484375 0.13984375
2 0.39765625 0.58359375 0.03515625 0.1046875
2 0.50703125 0.59140625 0.03359375 0.10234375
2 0.584375 0.95859375 0.07109375 0.078125
2 0.428125 0.55 0.02890625 0.09140625
2 0.653125 0.8640625 0.06640625 0.19140625
2 0.61484375 0.69921875 0.0453125 0.1265625
2 0.8796875 0.83125 0.09140625 0.15546875
2 0.3078125 0.51015625 0.05390625 0.10859375
2 0.4625 0.521875 0.0296875 0.084375
2 0.54140625 0.53203125 0.0296875 0.08671875
2 0.6453125 0.60078125 0.0328125 0.0953125
2 0.56953125 0.77890625 0.05390625 0.14453125
2 0.5625 0.48984375 0.025 0.08203125
2 0.04609375 0.4078125 0.03984375 0.05078125
2 0.92734375 0.94140625 0.1 0.11328125
2 0.3734375 0.4359375 0.02265625 0.06640625
2 0.51796875 0.46875 0.02890625 0.0796875
2 0.07109375 0.39765625 0.0375 0.04921875
2 0.40546875 0.43671875 0.02109375 0.0640625
2 0.4890625 0.49765625 0.0234375 0.06640625
2 0.3640625 0.4 0.01875 0.04921875
2 0.19921875 0.34296875 0.0140625 0.0203125
2 0.4640625 0.3953125 0.01875 0.053125
2 0.4421875 0.43125 0.0171875 0.0625
2 0.4265625 0.453125 0.0203125 0.053125
2 0.3875 0.4890625 0.02734375 0.0578125
2 0.13359375 0.315625 0.0171875 0.04453125
2 0.3359375 0.34140625 0.0140625 0.0421875
2 0.59609375 0.59765625 0.03515625 0.09296875
2 0.54765625 0.671875 0.0421875 0.10859375
2 0.478125 0.43671875 0.0234375 0.0734375
1 0.2046875 0.55859375 0.0890625 0.153125
1 0.70234375 0.528125 0.1125 0.13984375
1 0.1953125 0.40859375 0.05859375 0.10703125