2 0.22265625 0.53671875 0.02734375 0.09140625
2 0.66328125 0.7265625 0.05859375 0.15078125
2 0.50625 0.68203125 0.0453125 0.13359375
2 0.5953125 0.5578125 0.03359375 0.09765625
2 0.1734375 0.40859375 0.01875 0.053125
2 0.52421875 0.434375 0.02109375 0.06015625
2 0.21875 0.4296875 0.02265625 0.0640625
2 0.7078125 0.628125 0.04609375 0.1046875
2 0.3546875 0.37578125 0.0171875 0.04921875
2 0.39296875 0.41328125 0.02109375 0.0625
2 0.5703125 0.4703125 0.02734375 0.078125
2 0.74609375 0.5859375 0.0375 0.09140625
2 0.4421875 0.4125 0.0234375 0.0734375
2 0.14609375 0.321875 0.0171875 0.0359375
2 0.5515625 0.41640625 0.02265625 0.06015625
2 0.3859375 0.33984375 0.0125 0.04453125
2 0.37265625 0.353125 0.01484375 0.04453125
2 0.415625 0.3453125 0.0140625 0.03359375
2 0.434375 0.3734375 0.01875 0.053125
2 0.47734375 0.30234375 0.0203125 0.04921875
2 0.40234375 0.371875 0.0171875 0.046875