2 0.246875 0.63984375 0.04140625 0.1203125
2 0.30625 0.9421875 0.06484375 0.1109375
2 0.159375 0.49765625 0.0265625 0.0796875
2 0.3265625 0.6375 0.0453125 0.1203125
2 0.45703125 0.31015625 0.0109375 0.03359375
2 0.43671875 0.3359375 0.01875 0.053125
2 0.296875 0.49296875 0.05859375 0.07109375
2 0.36796875 0.2890625 0.02890625 0.021875
2 0.4265625 0.28671875 0.02109375 0.021875
2 0.846875 0.9765625 0.0359375 0.0421875
2 0.0453125 0.40859375 0.04140625 0.053125
2 0.0765625 0.39765625 0.02890625 0.04921875
2 0.2 0.29921875 0.02265625 0.0375
2 0.3265625 0.2875 0.03359375 0.0421875
3 0.48046875 0.803125 0.20390625 0.33125