0 0.55 0.25703125 0.0453125 0.0375
0 0.18984375 0.26015625 0.06484375 0.04921875
2 0.40703125 0.80859375 0.05390625 0.16875
2 0.22421875 0.37890625 0.01640625 0.0421875
2 0.184375 0.39140625 0.01875 0.0578125
2 0.5125 0.28359375 0.02734375 0.02890625
2 0.4796875 0.2875 0.0234375 0.02890625
2 0.3953125 0.278125 0.0234375 0.03984375
2 0.046875 0.4078125 0.0390625 0.05078125
2 0.2140625 0.35234375 0.0125 0.0375
2 0.07109375 0.4 0.0375 0.03984375
2 0.175 0.2890625 0.02265625 0.03125
1 0.153125 0.82421875 0.25625 0.27578125