2 0.196875 0.54765625 0.02890625 0.08203125
2 0.4375 0.66796875 0.0375 0.11328125
2 0.19453125 0.38984375 0.01875 0.05546875
2 0.3765625 0.60859375 0.03515625 0.09765625
2 0.5109375 0.8765625 0.0734375 0.1796875
2 0.2515625 0.56796875 0.0265625 0.08203125
2 0.61953125 0.80078125 0.05859375 0.13984375
2 0.73984375 0.92890625 0.0953125 0.1375
2 0.57265625 0.6953125 0.03984375 0.115625
2 0.46484375 0.52109375 0.02734375 0.08203125
2 0.67734375 0.6046875 0.03984375 0.1109375
2 0.6203125 0.45546875 0.0296875 0.07578125
2 0.64609375 0.7109375 0.0421875 0.1375
2 0.78125 0.71640625 0.0375 0.13984375
2 0.47421875 0.43671875 0.01875 0.0640625
2 0.75703125 0.815625 0.0609375 0.16015625
2 0.6015625 0.53671875 0.03125 0.08671875
2 0.39140625 0.4109375 0.0171875 0.0625
2 0.3515625 0.39921875 0.01640625 0.05546875
2 0.51015625 0.5703125 0.0375 0.0734375
2 0.16171875 0.315625 0.01875 0.04921875
2 0.44375 0.421875 0.0171875 0.0578125
2 0.37109375 0.4265625 0.0203125 0.0578125
2 0.940625 0.98359375 0.04140625 0.02890625
2 0.52109375 0.696875 0.0421875 0.13125
2 0.4265625 0.43125 0.01640625 0.0578125
2 0.4953125 0.746875 0.0578125 0.0890625
2 0.5234375 0.44453125 0.02109375 0.06640625
2 0.3375 0.32578125 0.01015625 0.05078125
2 0.36953125 0.5078125 0.02890625 0.06875
2 0.4953125 0.4265625 0.01875 0.0578125
2 0.57109375 0.4875 0.02734375 0.0734375
2 0.4109375 0.4609375 0.0234375 0.0640625
2 0.63125 0.6078125 0.0453125 0.08671875
2 0.42421875 0.5359375 0.03125 0.0890625
2 0.55390625 0.55078125 0.0375 0.084375
2 0.5671875 0.6375 0.04140625 0.12890625
2 0.54375 0.49453125 0.0328125 0.0734375
2 0.91171875 0.95859375 0.0984375 0.078125
1 0.35234375 0.8765625 0.2171875 0.2421875