2 0.4484375 0.74921875 0.0484375 0.15078125
2 0.64609375 0.7921875 0.06015625 0.1625
2 0.28984375 0.60546875 0.0375 0.11328125
2 0.22265625 0.94921875 0.07734375 0.09765625
2 0.91171875 0.78359375 0.08125 0.1625
2 0.53671875 0.84453125 0.0609375 0.1734375
2 0.47578125 0.96328125 0.06875 0.06875
2 0.23125 0.6875 0.0421875 0.13125
2 0.47890625 0.57890625 0.03515625 0.1046875
2 0.58515625 0.64921875 0.0421875 0.1203125
2 0.83359375 0.8203125 0.0703125 0.16875
2 0.3859375 0.471875 0.0234375 0.0734375
2 0.415625 0.5359375 0.02890625 0.09296875
2 0.53359375 0.5703125 0.03515625 0.1
2 0.6171875 0.5765625 0.0375 0.0953125
2 0.97578125 0.928125 0.04609375 0.13984375
2 0.703125 0.96796875 0.08359375 0.06015625
2 0.1703125 0.33203125 0.0140625 0.0421875
2 0.35390625 0.42109375 0.0203125 0.06015625
2 0.1890625 0.4703125 0.01875 0.06875
2 0.815625 0.65546875 0.05390625 0.10234375
2 0.52890625 0.434375 0.0203125 0.0640625
2 0.3390625 0.3765625 0.01640625 0.05078125
2 0.41953125 0.39921875 0.01875 0.06015625
2 0.21171875 0.571875 0.03125 0.0734375
2 0.76015625 0.81796875 0.0703125 0.12421875
2 0.4421875 0.51796875 0.0234375 0.0796875
2 0.690625 0.6625 0.0515625 0.115625
2 0.63125 0.50703125 0.0203125 0.053125
2 0.1046875 0.42109375 0.02890625 0.05546875
2 0.46171875 0.49296875 0.01875 0.07109375
2 0.50859375 0.3796875 0.0171875 0.04921875
2 0.33203125 0.3140625 0.0109375 0.0375
2 0.37265625 0.3734375 0.01484375 0.04921875
2 0.3921875 0.4046875 0.0171875 0.0578125
2 0.7609375 0.68203125 0.0546875 0.13359375
2 0.4953125 0.46640625 0.0171875 0.06640625
2 0.56484375 0.5421875 0.0296875 0.07578125
2 0.18125 0.4140625 0.0125 0.06015625
2 0.59296875 0.5296875 0.02109375 0.06875
2 0.69765625 0.5796875 0.0375 0.07109375
2 0.728125 0.72421875 0.0484375 0.10703125
2 0.78359375 0.93671875 0.0796875 0.121875
1 0.20390625 0.40078125 0.0578125 0.08671875
1 0.5765625 0.40078125 0.0671875 0.08671875