0 0.23046875 0.24140625 0.04375 0.05546875
2 0.1828125 0.4078125 0.0203125 0.05546875
2 0.1890625 0.55 0.03125 0.0953125
2 0.19921875 0.33203125 0.0140625 0.0375
2 0.4890625 0.378125 0.01875 0.04921875
2 0.4015625 0.38671875 0.0171875 0.053125
2 0.3765625 0.35234375 0.01640625 0.046875
2 0.421875 0.328125 0.0140625 0.046875
2 0.53671875 0.25546875 0.0234375 0.03984375
2 0.45546875 0.34453125 0.0140625 0.03984375
2 0.3625 0.3109375 0.0125 0.0359375
2 0.4328125 0.31875 0.0109375 0.0375
2 0.3390625 0.27890625 0.01015625 0.02421875
2 0.4765625 0.2578125 0.0078125 0.0265625
2 0.49765625 0.33359375 0.0125 0.0359375
2 0.4640625 0.31015625 0.0109375 0.03359375
2 0.38515625 0.3234375 0.0125 0.02890625
1 0.29609375 0.6578125 0.15234375 0.2625