2 0.47109375 0.40234375 0.0203125 0.0578125
2 0.4234375 0.3875 0.01875 0.05546875
2 0.6625 0.50546875 0.03515625 0.0734375
2 0.1328125 0.41015625 0.0171875 0.05546875
2 0.43984375 0.33984375 0.01484375 0.04453125
2 0.3578125 0.34296875 0.01640625 0.046875
2 0.5328125 0.26015625 0.01484375 0.03125
2 0.4109375 0.328125 0.0140625 0.0421875
2 0.57734375 0.25859375 0.0171875 0.02890625
2 0.38828125 0.3453125 0.0140625 0.0421875
2 0.35703125 0.26796875 0.00859375 0.03359375
2 0.3796875 0.28125 0.01015625 0.02890625
2 0.39453125 0.2703125 0.00859375 0.02890625
2 0.4453125 0.31015625 0.0109375 0.02890625
2 0.7359375 0.9765625 0.07734375 0.0421875
1 0.7953125 0.6203125 0.15390625 0.18671875
1 0.9421875 0.95234375 0.1140625 0.09140625
1 0.19296875 0.3765625 0.0515625 0.09140625