2 0.0796875 0.64765625 0.03515625 0.1046875
2 0.20078125 0.5109375 0.0265625 0.084375
2 0.1609375 0.5734375 0.03125 0.0890625
2 0.48515625 0.54140625 0.0328125 0.0953125
2 0.178125 0.38671875 0.01640625 0.04453125
2 0.5578125 0.4140625 0.0203125 0.05078125
2 0.5546875 0.5109375 0.03359375 0.09296875
2 0.21015625 0.39140625 0.0171875 0.04921875
2 0.52734375 0.43203125 0.0296875 0.0640625
2 0.45625 0.44453125 0.02265625 0.07109375
2 0.35625 0.3421875 0.01484375 0.0578125
2 0.5078125 0.36328125 0.0140625 0.0421875
2 0.4328125 0.3625 0.01484375 0.04453125
2 0.53046875 0.36328125 0.01640625 0.046875
2 0.4859375 0.35234375 0.01640625 0.046875
2 0.40546875 0.35703125 0.01640625 0.0640625
2 0.453125 0.34765625 0.0140625 0.0421875
2 0.071875 0.40078125 0.0390625 0.0375
2 0.0453125 0.4078125 0.0390625 0.05078125
2 0.39296875 0.334375 0.01640625 0.05078125
2 0.1515625 0.41796875 0.0171875 0.053125
2 0.2640625 0.55859375 0.0359375 0.0734375
2 0.01796875 0.40859375 0.02109375 0.053125
2 0.490625 0.47890625 0.02890625 0.06875
3 0.3359375 0.66875 0.1796875 0.29296875