0 0.20859375 0.24140625 0.08984375 0.06015625
2 0.1765625 0.67578125 0.025 0.09296875
2 0.84453125 0.86796875 0.0984375 0.184375
2 0.609375 0.9453125 0.0765625 0.1046875
2 0.69921875 0.5453125 0.0390625 0.09140625
2 0.3609375 0.37890625 0.01640625 0.05546875
2 0.5640625 0.478125 0.02890625 0.07578125
2 0.5 0.44296875 0.025 0.06875
2 0.3984375 0.37578125 0.0171875 0.053125
2 0.4890625 0.32421875 0.0125 0.03984375
2 0.55859375 0.25859375 0.01484375 0.02890625
2 0.4265625 0.346875 0.01484375 0.04921875
2 0.44453125 0.3046875 0.0109375 0.0359375
2 0.37421875 0.3078125 0.0140625 0.0421875
2 0.12734375 0.3890625 0.02265625 0.04921875
2 0.4671875 0.24765625 0.00859375 0.02421875
2 0.475 0.3453125 0.0125 0.0421875
2 0.34609375 0.31640625 0.0125 0.0375
2 0.38671875 0.29453125 0.0109375 0.02890625
2 0.3515625 0.2609375 0.0078125 0.02421875
2 0.00390625 0.553125 0.0078125 0.0625
2 0.46484375 0.35234375 0.01484375 0.046875
1 0.8359375 0.6734375 0.20859375 0.2796875