0 0.471875 0.34453125 0.10859375 0.2046875
2 0.271875 0.81015625 0.05390625 0.184375
2 0.4015625 0.47890625 0.02734375 0.078125
2 0.1421875 0.52578125 0.0265625 0.08203125
2 0.58984375 0.69296875 0.0453125 0.1421875
2 0.5078125 0.6765625 0.04765625 0.1359375
2 0.36171875 0.31328125 0.0109375 0.03984375
2 0.6875 0.83671875 0.0671875 0.153125
2 0.1765625 0.3703125 0.0171875 0.05078125
2 0.359375 0.43671875 0.02109375 0.05546875
2 0.4828125 0.48359375 0.0265625 0.0734375
2 0.7078125 0.621875 0.05234375 0.12421875
2 0.43125 0.9109375 0.07265625 0.1734375
2 0.75859375 0.7203125 0.06484375 0.1375
2 0.15546875 0.4546875 0.02109375 0.06015625
2 0.81484375 0.83125 0.07265625 0.1734375
2 0.2203125 0.45703125 0.02265625 0.046875
2 0.53203125 0.2625 0.0140625 0.0359375
2 0.04609375 0.4078125 0.03984375 0.05078125
2 0.0765625 0.39765625 0.02734375 0.04921875
2 0.4984375 0.8703125 0.0546875 0.153125
2 0.2078125 0.43125 0.01640625 0.04921875
2 0.409375 0.77109375 0.05390625 0.115625
2 0.78828125 0.9234375 0.0859375 0.14921875
1 0.21640625 0.553125 0.0953125 0.15078125
1 0.94453125 0.79765625 0.10859375 0.284375