0 0.19453125 0.253125 0.07109375 0.0796875
2 0.36875 0.79453125 0.0578125 0.17109375
2 0.2546875 0.6921875 0.04375 0.14453125
2 0.6671875 0.878125 0.0765625 0.18671875
2 0.4953125 0.65078125 0.03984375 0.10703125
2 0.415625 0.46796875 0.0265625 0.078125
2 0.4828125 0.54765625 0.03125 0.08203125
2 0.04609375 0.40859375 0.0421875 0.04921875
2 0.4625 0.4 0.0171875 0.0578125
2 0.36328125 0.384375 0.01640625 0.0625
2 0.14453125 0.32421875 0.01640625 0.0359375
2 0.4265625 0.378125 0.01640625 0.053125
2 0.39296875 0.378125 0.01875 0.053125
2 0.3234375 0.4234375 0.0171875 0.046875
2 0.40859375 0.421875 0.0203125 0.0625
1 0.903125 0.7421875 0.19140625 0.32421875
1 0.5765625 0.50703125 0.1078125 0.1734375
1 0.60625 0.4375 0.07734375 0.10234375