0 0.2078125 0.2359375 0.0625 0.03984375
2 0.47265625 0.4734375 0.02734375 0.07578125
2 0.209375 0.60703125 0.0390625 0.115625
2 0.4984375 0.34921875 0.01640625 0.04921875
2 0.4671875 0.321875 0.01484375 0.04453125
2 0.4 0.32578125 0.01484375 0.05546875
2 0.44765625 0.2859375 0.01015625 0.03359375
2 0.4296875 0.328125 0.01484375 0.05078125
2 0.321875 0.37578125 0.01640625 0.04453125
2 0.346875 0.28984375 0.00859375 0.02890625
2 0.384375 0.303125 0.0140625 0.0375
2 0.1984375 0.29921875 0.01875 0.02890625
2 0.3375 0.28125 0.0078125 0.02421875
1 0.18203125 0.42421875 0.0640625 0.1203125
1 0.20703125 0.353125 0.04140625 0.0625