2 0.58984375 0.80078125 0.06015625 0.16640625
2 0.7078125 0.87421875 0.07890625 0.19296875
2 0.465625 0.70859375 0.0390625 0.1203125
2 0.56484375 0.5078125 0.0328125 0.08203125
2 0.60546875 0.6046875 0.0390625 0.10703125
2 0.46484375 0.48203125 0.025 0.0796875
2 0.73359375 0.64921875 0.04765625 0.12890625
2 0.8265625 0.81640625 0.07734375 0.17578125
2 0.378125 0.3890625 0.01875 0.0796875
2 0.634375 0.56328125 0.03359375 0.1
2 0.53984375 0.42109375 0.0203125 0.06015625
2 0.35 0.31015625 0.01484375 0.05546875
2 0.7015625 0.73671875 0.0578125 0.08671875
2 0.1546875 0.41875 0.01640625 0.05078125
2 0.4109375 0.4546875 0.0234375 0.08671875
2 0.49296875 0.24765625 0.00859375 0.02421875
2 0.50703125 0.36796875 0.01640625 0.046875
2 0.42265625 0.415625 0.0203125 0.06640625
2 0.4671875 0.41328125 0.01875 0.04921875
2 0.540625 0.36875 0.01640625 0.03984375
2 0.4015625 0.35546875 0.01640625 0.04453125
2 0.7015625 0.6953125 0.0546875 0.1421875
1 0.20390625 0.34453125 0.0421875 0.0578125
1 0.1921875 0.4609375 0.0734375 0.14453125
1 0.61484375 0.45 0.0875 0.1