2 0.4296875 0.91328125 0.0546875 0.16015625
2 0.20625 0.5421875 0.02734375 0.0890625
2 0.9578125 0.96328125 0.08125 0.06875
2 0.64453125 0.89765625 0.06875 0.19140625
2 0.63046875 0.56640625 0.04140625 0.10234375
2 0.49140625 0.615625 0.0375 0.115625
2 0.4 0.62578125 0.03515625 0.10859375
2 0.5375 0.83671875 0.05234375 0.16640625
2 0.5734375 0.71875 0.0515625 0.14453125
2 0.19296875 0.37578125 0.01640625 0.04453125
2 0.6765625 0.7375 0.06015625 0.146875
2 0.36953125 0.45078125 0.02109375 0.07578125
2 0.4546875 0.5078125 0.0265625 0.08671875
2 0.4046875 0.4625 0.0234375 0.0578125
2 0.76015625 0.72109375 0.0625 0.14453125
2 0.175 0.45 0.0203125 0.0640625
2 0.44609375 0.35234375 0.01484375 0.05078125
2 0.35078125 0.3953125 0.0140625 0.0625
2 0.41640625 0.55 0.03515625 0.08203125
2 0.18046875 0.32890625 0.0140625 0.0359375
2 0.53125 0.5953125 0.03984375 0.10703125
2 0.5671875 0.57421875 0.0328125 0.0953125
2 0.18984375 0.48203125 0.0203125 0.06640625
2 0.5859375 0.50859375 0.0203125 0.09296875
2 0.37890625 0.4125 0.01484375 0.05546875
2 0.33828125 0.3265625 0.0140625 0.04453125
2 0.46796875 0.465625 0.01875 0.06875
2 0.45234375 0.4140625 0.0171875 0.05078125
2 0.39296875 0.36328125 0.01640625 0.046875
2 0.41796875 0.40859375 0.02109375 0.0625
2 0.5515625 0.4734375 0.025 0.0625
1 0.728125 0.5453125 0.14140625 0.1890625