0 0.2046875 0.24921875 0.09140625 0.06640625
2 0.6484375 0.75 0.0515625 0.14921875
2 0.3796875 0.5578125 0.02734375 0.09296875
2 0.4640625 0.66796875 0.0375 0.11796875
2 0.3640625 0.42890625 0.02109375 0.06640625
2 0.15078125 0.41640625 0.01875 0.0640625
2 0.54296875 0.871875 0.0484375 0.1625
2 0.18046875 0.35703125 0.01640625 0.046875
2 0.49375 0.5859375 0.03515625 0.10859375
2 0.7890625 0.85078125 0.0859375 0.2046875
2 0.42890625 0.57890625 0.03515625 0.1
2 0.5671875 0.7375 0.04140625 0.146875
2 0.4703125 0.40703125 0.02265625 0.0625
2 0.55 0.25 0.0203125 0.03359375
2 0.6296875 0.6265625 0.04140625 0.0890625
2 0.41875 0.39453125 0.0203125 0.05546875
2 0.04609375 0.40859375 0.03984375 0.053125
2 0.56328125 0.61640625 0.04140625 0.08671875
2 0.52109375 0.4234375 0.0203125 0.06015625
2 0.36796875 0.32578125 0.0109375 0.0421875
2 0.5234375 0.5453125 0.02890625 0.08203125
2 0.55546875 0.45703125 0.0234375 0.06875
2 0.49609375 0.25078125 0.0171875 0.0359375
2 0.3796875 0.346875 0.01484375 0.053125
2 0.3421875 0.34765625 0.02265625 0.05546875
2 0.60859375 0.55234375 0.03984375 0.08671875
2 0.440625 0.5078125 0.01875 0.0640625
2 0.5421875 0.5078125 0.02265625 0.0734375
2 0.85078125 0.971875 0.1015625 0.05078125
2 0.55546875 0.46640625 0.01640625 0.04921875
2 0.6828125 0.284375 0.0265625 0.0359375
2 0.08984375 0.3703125 0.0125 0.0375
2 0.32421875 0.39296875 0.0140625 0.04453125
2 0.4453125 0.45078125 0.02265625 0.0625
1 0.70546875 0.5359375 0.1359375 0.18203125
1 0.51640625 0.35 0.05 0.0640625