2 0.5546875 0.73125 0.05234375 0.15078125
2 0.14375 0.5640625 0.0328125 0.09765625
2 0.446875 0.6234375 0.0359375 0.11328125
2 0.71953125 0.56328125 0.0359375 0.08203125
2 0.56953125 0.4125 0.02109375 0.06015625
2 0.63203125 0.98203125 0.06640625 0.03125
2 0.5078125 0.653125 0.0421875 0.1109375
2 0.3484375 0.32578125 0.0140625 0.0421875
2 0.45078125 0.5125 0.0234375 0.078125
2 0.6484375 0.47578125 0.02890625 0.0578125
2 0.4171875 0.37890625 0.01484375 0.05078125
2 0.4859375 0.32890625 0.01484375 0.03984375
2 0.3953125 0.4546875 0.0265625 0.0734375
2 0.440625 0.44296875 0.02109375 0.05546875
2 0.475 0.47890625 0.025 0.078125
2 0.796875 0.965625 0.0890625 0.0640625
2 0.70703125 0.48203125 0.02109375 0.04921875
2 0.5234375 0.5625 0.02890625 0.09765625
2 0.4828125 0.4296875 0.02265625 0.05546875
2 0.4921875 0.578125 0.02890625 0.084375
2 0.0046875 0.55234375 0.00859375 0.0640625
1 0.19140625 0.4203125 0.0578125 0.0890625
1 0.28359375 0.7 0.15234375 0.30234375
1 0.6328125 0.56875 0.1359375 0.20859375