2 0.2796875 0.6453125 0.03984375 0.11328125
2 0.390625 0.86640625 0.05625 0.18203125
2 0.2265625 0.39296875 0.01875 0.04921875
2 0.375 0.2875 0.025 0.02890625
2 0.225 0.5125 0.02734375 0.09140625
2 0.3359375 0.2875 0.0234375 0.02890625
2 0.4625 0.284375 0.02265625 0.0265625
2 0.21484375 0.45859375 0.02265625 0.0640625
2 0.184375 0.353125 0.0140625 0.04453125
2 0.4828125 0.2734375 0.0109375 0.021875
2 0.5140625 0.28671875 0.02265625 0.021875
2 0.17265625 0.33359375 0.01484375 0.03125
2 0.0734375 0.371875 0.025 0.0421875
2 0.5015625 0.2703125 0.01015625 0.0203125