0 0.44375 0.3109375 0.0828125 0.15546875
2 0.4234375 0.9140625 0.05625 0.16640625
2 0.3140625 0.75703125 0.0453125 0.1359375
2 0.40390625 0.6078125 0.0296875 0.0953125
2 0.43203125 0.50703125 0.02890625 0.0890625
2 0.19453125 0.56328125 0.03125 0.10859375
2 0.375 0.39453125 0.0203125 0.05546875
2 0.2296875 0.40078125 0.0171875 0.05078125
2 0.54609375 0.85859375 0.06015625 0.1796875
2 0.4546875 0.74140625 0.04375 0.1359375
2 0.4140625 0.3921875 0.01640625 0.046875
2 0.2125 0.38125 0.01484375 0.0421875
2 0.4765625 0.4953125 0.0265625 0.084375
2 0.71171875 0.69296875 0.06640625 0.12890625
2 0.55625 0.65703125 0.03984375 0.11796875
2 0.634375 0.7953125 0.05625 0.16015625
2 0.79609375 0.94921875 0.06484375 0.09765625
2 0.3015625 0.59296875 0.03515625 0.09296875
2 0.53359375 0.55078125 0.03515625 0.07578125
2 0.36015625 0.29140625 0.0078125 0.0265625
2 0.54375 0.44921875 0.02734375 0.07578125
2 0.59296875 0.6296875 0.04375 0.121875
2 0.275 0.65546875 0.0375 0.1109375
2 0.1546875 0.4421875 0.02265625 0.0625
2 0.5171875 0.7046875 0.04609375 0.13359375
2 0.35390625 0.37421875 0.0171875 0.046875
2 0.046875 0.4078125 0.04140625 0.05078125
2 0.5921875 0.53203125 0.0359375 0.08671875
2 0.753125 0.94296875 0.0359375 0.10859375
2 0.759375 0.8140625 0.08125 0.14921875
2 0.5640625 0.26015625 0.0125 0.0265625
2 0.64609375 0.67421875 0.0328125 0.08671875
2 0.9265625 0.96640625 0.1 0.0625
2 0.07421875 0.39296875 0.03125 0.0578125
2 0.16875 0.3859375 0.0171875 0.06015625
2 0.171875 0.33984375 0.01640625 0.04453125
2 0.58046875 0.4796875 0.03125 0.0625
2 0.7390625 0.80234375 0.04140625 0.12421875
1 0.7109375 0.52421875 0.1328125 0.178125