2 0.55234375 0.83671875 0.0546875 0.16640625
2 0.3859375 0.51640625 0.0265625 0.08671875
2 0.634375 0.6734375 0.04609375 0.13359375
2 0.50546875 0.61328125 0.04140625 0.115625
2 0.4203125 0.6125 0.0375 0.10859375
2 0.47265625 0.4890625 0.02734375 0.0796875
2 0.7078125 0.5859375 0.0359375 0.1
2 0.565625 0.4296875 0.01875 0.05546875
2 0.97421875 0.9046875 0.0484375 0.15546875
2 0.4328125 0.4921875 0.025 0.08203125
2 0.8734375 0.903125 0.06640625 0.1890625
2 0.22578125 0.421875 0.01875 0.0578125
2 0.51953125 0.48671875 0.0265625 0.07578125
2 0.4875 0.36640625 0.01484375 0.04921875
2 0.140625 0.45 0.01875 0.06015625
2 0.81328125 0.93984375 0.0890625 0.115625
2 0.20703125 0.37578125 0.01640625 0.04921875
2 0.37109375 0.421875 0.0203125 0.0625
2 0.609375 0.55234375 0.0359375 0.1
2 0.04609375 0.4078125 0.03984375 0.05078125
2 0.62421875 0.4890625 0.02109375 0.06640625
2 0.48515625 0.30078125 0.0125 0.03359375
2 0.33984375 0.3421875 0.0125 0.04453125
2 0.38828125 0.38984375 0.01875 0.05078125
2 0.071875 0.39765625 0.0359375 0.04921875
2 0.01640625 0.4046875 0.0171875 0.06640625
2 0.45546875 0.43359375 0.01875 0.0578125
2 0.4171875 0.39140625 0.01640625 0.053125
2 0.6015625 0.44765625 0.02265625 0.06015625
2 0.465625 0.38359375 0.01640625 0.05078125
2 0.2296875 0.4 0.01875 0.0578125
1 0.18203125 0.4578125 0.06640625 0.13359375