0 0.20078125 0.246875 0.06640625 0.06640625
2 0.228125 0.53203125 0.0265625 0.08203125
2 0.21484375 0.45859375 0.025 0.06875
2 0.12265625 0.47109375 0.0375 0.07109375
2 0.41875 0.2859375 0.025 0.03359375
2 0.27421875 0.63984375 0.04140625 0.12421875
2 0.503125 0.27578125 0.01875 0.0359375
2 0.065625 0.4640625 0.02890625 0.06640625
2 0.54453125 0.2765625 0.0390625 0.0421875
2 0.45390625 0.278125 0.025 0.03984375
2 0.35625 0.28671875 0.025 0.03125
2 0.375 0.284375 0.025 0.03125
1 0.1765625 0.31328125 0.04609375 0.04921875