2 0.18671875 0.51796875 0.0265625 0.0796875
2 0.2125 0.40234375 0.02265625 0.0578125
2 0.47109375 0.3140625 0.0125 0.0375
2 0.275 0.671875 0.03984375 0.11328125
2 0.39921875 0.29921875 0.0140625 0.0421875
2 0.30859375 0.5953125 0.03515625 0.10703125
2 0.3640625 0.321875 0.0140625 0.03984375
2 0.1828125 0.41796875 0.01875 0.053125
2 0.0453125 0.40859375 0.0390625 0.04921875
2 0.5375 0.2578125 0.0125 0.0265625
2 0.1890625 0.35546875 0.01484375 0.0359375
2 0.33125 0.271875 0.01015625 0.03359375
2 0.3859375 0.27421875 0.0109375 0.03359375
2 0.1546875 0.3296875 0.01640625 0.03359375
2 0.35234375 0.2875 0.0125 0.0375
2 0.07109375 0.40078125 0.0375 0.0421875
2 0.20546875 0.3375 0.0140625 0.0359375
1 0.40546875 0.821875 0.2484375 0.35078125
1 0.0265625 0.5609375 0.05234375 0.14453125