0 0.41875 0.2453125 0.14765625 0.08203125
0 0.5203125 0.2453125 0.05859375 0.046875
2 0.2328125 0.5203125 0.03125 0.07578125
2 0.2890625 0.60234375 0.03984375 0.1109375
2 0.2359375 0.41015625 0.02265625 0.06015625
2 0.1734375 0.334375 0.01484375 0.0375
2 0.34765625 0.2890625 0.02734375 0.03125
2 0.5078125 0.27421875 0.02109375 0.0375
2 0.403125 0.278125 0.01875 0.0359375
2 0.371875 0.278125 0.02109375 0.0359375
2 0.13046875 0.3234375 0.01640625 0.03359375
2 0.5640625 0.2734375 0.0203125 0.0359375
2 0.46796875 0.27421875 0.01875 0.03359375
2 0.07421875 0.371875 0.0234375 0.0421875
1 0.175 0.28359375 0.0578125 0.046875