2 0.3515625 0.90078125 0.05625 0.1796875
2 0.35 0.62109375 0.0375 0.11796875
2 0.5828125 0.88671875 0.07265625 0.18671875
2 0.70234375 0.91640625 0.0796875 0.1625
2 0.590625 0.7078125 0.04375 0.121875
2 0.5140625 0.92421875 0.06484375 0.146875
2 0.3921875 0.54453125 0.03359375 0.09296875
2 0.428125 0.6046875 0.04140625 0.115625
2 0.89609375 0.9265625 0.12265625 0.1421875
2 0.4140625 0.434375 0.02109375 0.0640625
2 0.3578125 0.38203125 0.02265625 0.0625
2 0.5640625 0.55703125 0.025 0.0953125
2 0.52265625 0.684375 0.0421875 0.1203125
2 0.46171875 0.365625 0.01640625 0.05078125
2 0.540625 0.45078125 0.02109375 0.06640625
2 0.42109375 0.3578125 0.01484375 0.04453125
2 0.4015625 0.353125 0.01484375 0.04453125
2 0.5421875 0.60859375 0.0328125 0.09296875
2 0.4703125 0.7203125 0.0296875 0.12890625
2 0.4859375 0.59140625 0.0375 0.10703125
2 0.69453125 0.696875 0.0609375 0.1359375
2 0.38828125 0.38671875 0.01640625 0.053125
2 0.49296875 0.7640625 0.0484375 0.09296875
2 0.67734375 0.7796875 0.06015625 0.115625
2 0.45078125 0.44453125 0.01875 0.0578125
2 0.359375 0.27421875 0.00859375 0.02890625
2 0.3875 0.48203125 0.0296875 0.06640625
2 0.4375 0.50078125 0.02734375 0.08203125
2 0.4328125 0.234375 0.00625 0.02421875
2 0.3703125 0.34140625 0.0140625 0.05078125
2 0.4796875 0.4921875 0.02734375 0.06875
2 0.490625 0.44296875 0.0140625 0.046875
1 0.88671875 0.73125 0.2109375 0.253125
1 0.5421875 0.253125 0.0421875 0.03125