0 0.19453125 0.25078125 0.06875 0.07578125
2 0.69453125 0.965625 0.08359375 0.0640625
2 0.634375 0.7125 0.05625 0.14453125
2 0.44609375 0.54765625 0.0328125 0.0953125
2 0.2359375 0.6109375 0.03515625 0.115625
2 0.5171875 0.7203125 0.04609375 0.12890625
2 0.2890625 0.49296875 0.05234375 0.07109375
2 0.0828125 0.4921875 0.0203125 0.0640625
2 0.41171875 0.4640625 0.0234375 0.0796875
2 0.3421875 0.76640625 0.04609375 0.16015625
2 0.56875 0.4125 0.0203125 0.06015625
2 0.540625 0.98125 0.06875 0.03359375
2 0.1421875 0.4203125 0.01875 0.053125
2 0.5171875 0.571875 0.0328125 0.08671875
2 0.54921875 0.5234375 0.0359375 0.078125
2 0.48046875 0.50234375 0.0265625 0.0796875
2 0.39609375 0.41015625 0.02265625 0.06015625
2 0.36796875 0.34453125 0.0140625 0.053125
2 0.3234375 0.34296875 0.01640625 0.06015625
2 0.42109375 0.3921875 0.0171875 0.05546875
2 0.4546875 0.403125 0.02109375 0.06015625
2 0.39453125 0.37109375 0.01640625 0.04453125
2 0.4671875 0.45078125 0.0203125 0.0578125
1 0.74609375 0.57421875 0.13515625 0.16640625
1 0.93125 0.803125 0.13515625 0.321875
1 0.18984375 0.43671875 0.06015625 0.1