0 0.240625 0.26640625 0.0265625 0.06640625
2 0.209375 0.6703125 0.0359375 0.10859375
2 0.39140625 0.81796875 0.0546875 0.1734375
2 0.2734375 0.9 0.06015625 0.19140625
2 0.3765625 0.27421875 0.025 0.0375
2 0.4984375 0.2765625 0.02109375 0.03359375
2 0.1484375 0.3109375 0.02109375 0.03984375
2 0.18046875 0.29453125 0.0234375 0.03359375
2 0.12421875 0.3140625 0.01875 0.0421875
2 0.4703125 0.2796875 0.02265625 0.0359375
2 0.33828125 0.278125 0.01875 0.03125
2 0.3234375 0.29140625 0.02265625 0.0359375
2 0.20703125 0.296875 0.02109375 0.02890625