2 0.40078125 0.55 0.02890625 0.08671875
2 0.34609375 0.521875 0.02734375 0.09296875
2 0.6140625 0.75078125 0.06015625 0.146875
2 0.5265625 0.546875 0.02890625 0.084375
2 0.51640625 0.68203125 0.0375 0.12890625
2 0.48515625 0.73984375 0.0578125 0.1421875
2 0.71171875 0.78203125 0.07109375 0.13359375
2 0.5890625 0.603125 0.04609375 0.08671875
2 0.453125 0.5203125 0.02890625 0.084375
2 0.43046875 0.49296875 0.0234375 0.07578125
2 0.19140625 0.40859375 0.0203125 0.0625
2 0.53671875 0.27578125 0.0234375 0.03984375
2 0.503125 0.44765625 0.03125 0.0734375
2 0.2 0.3734375 0.0203125 0.053125
2 0.446875 0.28203125 0.0234375 0.0359375
2 0.5703125 0.2734375 0.01875 0.03984375
2 0.73828125 0.9375 0.0515625 0.1203125
2 0.4671875 0.4625 0.02109375 0.07109375
2 0.6921875 0.6578125 0.0546875 0.09765625
2 0.065625 0.46328125 0.0265625 0.06875
2 0.403125 0.284375 0.0265625 0.0359375
2 0.6828125 0.28203125 0.0265625 0.0359375
2 0.3078125 0.68359375 0.02890625 0.11328125
2 0.4609375 0.40703125 0.0203125 0.04921875
2 0.3375 0.2875 0.025 0.0375
2 0.71015625 0.9375 0.1078125 0.1203125
2 0.2046875 0.4734375 0.025 0.0796875
1 0.91484375 0.81015625 0.1671875 0.3046875
1 0.45078125 0.8453125 0.2640625 0.3046875
1 0.65078125 0.47890625 0.1109375 0.1625