2 0.20703125 0.61328125 0.0359375 0.09765625
2 0.3734375 0.78125 0.0453125 0.14921875
2 0.71953125 0.934375 0.0890625 0.1265625
2 0.45546875 0.7390625 0.04375 0.14921875
2 0.48984375 0.64921875 0.0375 0.1109375
2 0.4375 0.5703125 0.0328125 0.1046875
2 0.1671875 0.44453125 0.02109375 0.06640625
2 0.35078125 0.4203125 0.02109375 0.0625
2 0.5390625 0.8 0.05 0.1375
2 0.5015625 0.8953125 0.0609375 0.12421875
2 0.3609375 0.528125 0.02890625 0.09140625
2 0.571875 0.734375 0.0390625 0.1265625
2 0.38203125 0.37890625 0.01640625 0.05078125
2 0.41328125 0.453125 0.02109375 0.0625
2 0.3453125 0.6859375 0.03984375 0.11796875
2 0.4171875 0.2953125 0.01015625 0.0359375
2 0.065625 0.4625 0.0265625 0.07109375
2 0.38125 0.48359375 0.0203125 0.0734375
2 0.3390625 0.59296875 0.03125 0.06640625
2 0.04375 0.45859375 0.01484375 0.0640625
2 0.45234375 0.43125 0.0203125 0.0578125
2 0.3984375 0.26640625 0.0109375 0.03125
2 0.33828125 0.26015625 0.00859375 0.0265625
2 0.43359375 0.3609375 0.0125 0.046875
2 0.35859375 0.2859375 0.01015625 0.03359375
2 0.58359375 0.65078125 0.02265625 0.0796875
2 0.340625 0.31328125 0.00625 0.0359375
2 0.44921875 0.50546875 0.01875 0.046875
1 0.88203125 0.70234375 0.2015625 0.23125
1 0.7890625 0.80703125 0.2546875 0.38203125
1 0.6953125 0.50859375 0.11875 0.1640625
1 0.5234375 0.496875 0.0875 0.13125
1 0.46796875 0.30546875 0.04140625 0.0640625