0 0.1953125 0.25703125 0.06875 0.08203125
2 0.325 0.91015625 0.06484375 0.17578125
2 0.4078125 0.68359375 0.0578125 0.1359375
2 0.1734375 0.50234375 0.0265625 0.0796875
2 0.21953125 0.4578125 0.0234375 0.06640625
2 0.28984375 0.7609375 0.0546875 0.1265625
2 0.1859375 0.32421875 0.01484375 0.03984375
2 0.21171875 0.3453125 0.0140625 0.0421875
2 0.16953125 0.34296875 0.0140625 0.0375
2 0.4921875 0.28125 0.0234375 0.02890625
2 0.5515625 0.27109375 0.01875 0.0359375
2 0.5703125 0.2765625 0.0203125 0.03359375
2 0.515625 0.27578125 0.02109375 0.021875
2 0.4390625 0.25 0.0078125 0.02421875
2 0.2046875 0.30234375 0.0125 0.03125
2 0.2125 0.4125 0.0203125 0.05078125