2 0.25390625 0.621875 0.03984375 0.1203125
2 0.184375 0.6375 0.0359375 0.115625
2 0.3328125 0.7203125 0.0484375 0.1421875
2 0.18203125 0.3375 0.01640625 0.0359375
2 0.20078125 0.353125 0.01640625 0.04453125
2 0.35546875 0.2875 0.0234375 0.02421875
2 0.28828125 0.96015625 0.05859375 0.07578125
2 0.31875 0.28203125 0.01484375 0.0265625
2 0.4390625 0.2859375 0.0234375 0.02421875
2 0.3859375 0.28671875 0.0265625 0.0265625
2 0.12421875 0.29921875 0.0234375 0.02421875
2 0.00390625 0.55546875 0.0078125 0.06640625