2 0.2734375 0.9046875 0.0578125 0.18671875
2 0.7609375 0.70703125 0.06640625 0.1421875
2 0.48515625 0.55078125 0.0296875 0.084375
2 0.2796875 0.6453125 0.0421875 0.13125
2 0.575 0.6875 0.04765625 0.13984375
2 0.640625 0.6421875 0.0484375 0.12421875
2 0.2328125 0.3546875 0.0171875 0.0421875
2 0.49453125 0.4203125 0.0234375 0.06640625
2 0.20546875 0.3921875 0.01640625 0.046875
2 0.659375 0.5046875 0.03125 0.07109375
2 0.18671875 0.34765625 0.0140625 0.0375
2 0.4046875 0.40078125 0.02109375 0.06015625
2 0.34609375 0.3234375 0.0125 0.0375
2 0.52734375 0.39453125 0.0203125 0.05546875
2 0.4640625 0.35703125 0.01640625 0.05078125
2 0.384375 0.3421875 0.01640625 0.04453125
2 0.484375 0.3734375 0.01640625 0.04453125
2 0.3703125 0.30546875 0.01015625 0.03359375
2 0.41171875 0.3375 0.0109375 0.0359375
2 0.403125 0.32109375 0.0109375 0.0375