2 0.2109375 0.7453125 0.03984375 0.1265625
2 0.32109375 0.8375 0.04765625 0.15078125
2 0.51171875 0.915625 0.0640625 0.1640625
2 0.765625 0.7453125 0.06640625 0.14921875
2 0.3578125 0.70078125 0.04765625 0.13984375
2 0.5828125 0.8703125 0.06640625 0.17109375
2 0.81953125 0.62578125 0.0484375 0.10859375
2 0.44296875 0.7578125 0.04375 0.12890625
2 0.203125 0.44921875 0.0265625 0.07109375
2 0.65625 0.69296875 0.0328125 0.115625
2 0.54296875 0.65 0.0390625 0.10859375
2 0.3984375 0.4890625 0.0265625 0.0796875
2 0.509375 0.72109375 0.04609375 0.13984375
2 0.171875 0.3359375 0.0140625 0.0359375
2 0.62578125 0.7375 0.04609375 0.13359375
2 0.47890625 0.578125 0.02734375 0.09765625
2 0.4296875 0.55234375 0.0328125 0.08671875
2 0.3390625 0.40078125 0.01484375 0.0640625
2 0.9359375 0.946875 0.10625 0.10234375
2 0.3703125 0.4046875 0.01640625 0.053125
2 0.4546875 0.41328125 0.0203125 0.06640625
2 0.3609375 0.58359375 0.0328125 0.078125
2 0.5515625 0.25546875 0.0125 0.021875
2 0.5453125 0.5578125 0.0375 0.06640625
2 0.503125 0.39765625 0.01640625 0.0578125
2 0.85078125 0.94921875 0.09140625 0.09765625
2 0.45703125 0.64453125 0.0265625 0.10703125
2 0.3578125 0.49296875 0.02734375 0.06640625
2 0.52109375 0.49453125 0.02265625 0.0734375
2 0.4359375 0.478125 0.02109375 0.07109375
2 0.49765625 0.53671875 0.0296875 0.08671875
2 0.4265625 0.41875 0.02265625 0.06015625
2 0.92734375 0.81015625 0.08515625 0.16640625
2 0.00390625 0.553125 0.0078125 0.0625
2 0.57734375 0.73203125 0.06015625 0.1
1 0.70234375 0.57421875 0.125 0.17109375
1 0.58984375 0.43203125 0.0796875 0.1