0 0.509375 0.328125 0.05390625 0.08671875
2 0.4359375 0.71640625 0.0390625 0.13125
2 0.2828125 0.5953125 0.0390625 0.1109375
2 0.609375 0.64296875 0.04609375 0.1265625
2 0.5484375 0.74921875 0.05234375 0.146875
2 0.2078125 0.38125 0.01640625 0.05078125
2 0.4921875 0.60234375 0.03125 0.10234375
2 0.5796875 0.56015625 0.03515625 0.09765625
2 0.3859375 0.47890625 0.02734375 0.078125
2 0.4171875 0.45859375 0.0234375 0.0734375
2 0.559375 0.25859375 0.0140625 0.02421875
2 0.20390625 0.4640625 0.02265625 0.07109375
2 0.7875 0.77421875 0.06484375 0.13984375
2 0.1734375 0.39765625 0.0171875 0.053125
2 0.46875 0.53671875 0.0328125 0.0953125
2 0.3546875 0.39765625 0.01875 0.053125
2 0.3390625 0.28359375 0.0125 0.0421875
2 0.784375 0.88984375 0.0859375 0.14453125
2 0.4921875 0.25078125 0.01015625 0.0265625
2 0.4859375 0.43203125 0.02265625 0.06015625
2 0.51875 0.48984375 0.0203125 0.0734375
2 0.1921875 0.43359375 0.01484375 0.053125
2 0.4484375 0.4359375 0.0203125 0.0625
2 0.3875 0.3578125 0.0125 0.03984375
2 0.14375 0.3234375 0.01484375 0.03359375
2 0.5015625 0.51875 0.025 0.078125
3 0.553125 0.4140625 0.0734375 0.11796875
1 0.7046875 0.5578125 0.1265625 0.16015625