2 0.2265625 0.9421875 0.07109375 0.1109375
2 0.43515625 0.6203125 0.03515625 0.12421875
2 0.84375 0.73984375 0.0671875 0.146875
2 0.546875 0.89921875 0.06640625 0.19765625
2 0.58671875 0.684375 0.04375 0.13359375
2 0.3453125 0.94765625 0.06015625 0.1
2 0.79140625 0.90546875 0.0828125 0.184375
2 0.49609375 0.6078125 0.03984375 0.10859375
2 0.703125 0.51796875 0.0390625 0.09296875
2 0.40546875 0.5234375 0.03125 0.09140625
2 0.5640625 0.42578125 0.0234375 0.0640625
2 0.3484375 0.35 0.01484375 0.046875
2 0.48046875 0.4546875 0.0234375 0.0734375
2 0.5046875 0.42890625 0.02109375 0.0625
2 0.3875 0.43125 0.0171875 0.053125
2 0.4484375 0.46875 0.0234375 0.07109375
2 0.53671875 0.4859375 0.02890625 0.078125
2 0.5421875 0.403125 0.01875 0.06015625
2 0.5484375 0.5859375 0.0390625 0.1046875
2 0.51640625 0.40546875 0.0125 0.05546875
2 0.1640625 0.415625 0.0140625 0.0578125
2 0.4203125 0.39765625 0.0171875 0.0578125
2 0.471875 0.403125 0.02109375 0.05546875
2 0.06640625 0.4734375 0.02265625 0.04921875
2 0.4828125 0.3453125 0.0125 0.0421875
2 0.1484375 0.32578125 0.01875 0.0375
2 0.2015625 0.3546875 0.0125 0.03359375
2 0.09375 0.46640625 0.02734375 0.0578125
2 0.90625 0.46328125 0.02265625 0.06015625
2 0.38359375 0.40078125 0.025 0.05546875
2 0.41875 0.4921875 0.02265625 0.078125
1 0.19296875 0.4375 0.06640625 0.1203125