2 0.71875 0.94453125 0.08515625 0.10703125
2 0.2046875 0.715625 0.04140625 0.13359375
2 0.2734375 0.81015625 0.04609375 0.14921875
2 0.44765625 0.628125 0.03515625 0.11328125
2 0.69453125 0.71796875 0.0515625 0.1421875
2 0.6515625 0.53984375 0.0359375 0.09296875
2 0.5546875 0.71796875 0.05 0.15078125
2 0.3 0.6578125 0.03984375 0.12421875
2 0.4015625 0.534375 0.02734375 0.09140625
2 0.3703125 0.44453125 0.0203125 0.06640625
2 0.5203125 0.4890625 0.02734375 0.084375
2 0.58671875 0.4765625 0.0265625 0.078125
2 0.4359375 0.4296875 0.0203125 0.0640625
2 0.7796875 0.65 0.0484375 0.11328125
2 0.56171875 0.58984375 0.03359375 0.0953125
2 0.83203125 0.784375 0.0734375 0.15078125
2 0.8515625 0.95859375 0.1 0.078125
2 0.17734375 0.38125 0.01484375 0.046875
2 0.19765625 0.3359375 0.01484375 0.03984375
2 0.21796875 0.353125 0.0140625 0.03984375
2 0.14140625 0.31796875 0.0203125 0.04453125
2 0.4734375 0.4109375 0.01875 0.0578125
2 0.4953125 0.44453125 0.0234375 0.07109375
2 0.45 0.37421875 0.0171875 0.06015625
2 0.4140625 0.47421875 0.02109375 0.0640625
2 0.13125 0.41875 0.02265625 0.0734375
2 0.42109375 0.36875 0.01484375 0.04453125
2 0.49765625 0.3734375 0.0171875 0.04453125
2 0.403125 0.371875 0.0140625 0.046875
2 0.3640625 0.3546875 0.0140625 0.046875
2 0.38046875 0.36796875 0.0140625 0.046875
2 0.759375 0.60234375 0.01875 0.0890625
2 0.34921875 0.3203125 0.0140625 0.04453125
2 0.9546875 0.91328125 0.0890625 0.16875
2 0.52109375 0.41875 0.0203125 0.046875
2 0.0671875 0.46328125 0.02890625 0.0640625
1 0.34609375 0.93359375 0.1828125 0.12890625
1 0.20078125 0.40703125 0.0515625 0.0890625