2 0.54921875 0.2765625 0.0265625 0.0375
2 0.3953125 0.27109375 0.02265625 0.03984375
2 0.4640625 0.2796875 0.02890625 0.0359375
2 0.34375 0.28125 0.0421875 0.0421875
2 0.0453125 0.40703125 0.04140625 0.053125
2 0.353125 0.284375 0.0234375 0.03125
2 0.0734375 0.39921875 0.03359375 0.0421875
2 0.23125 0.27109375 0.025 0.04921875
2 0.3328125 0.27890625 0.0203125 0.0375
2 0.6828125 0.28125 0.02734375 0.0375
2 0.484375 0.26796875 0.0265625 0.0375
3 0.2015625 0.3640625 0.0703125 0.1640625
1 0.01875 0.65703125 0.0375 0.17109375
1 0.3140625 0.68203125 0.1625 0.2890625