2 0.178125 0.62578125 0.0359375 0.11328125
2 0.23046875 0.5390625 0.03359375 0.08671875
2 0.2015625 0.346875 0.0140625 0.0578125
2 0.3265625 0.571875 0.0390625 0.0734375
2 0.3671875 0.2859375 0.0265625 0.02890625
2 0.18125 0.3359375 0.01484375 0.03984375
2 0.32578125 0.2890625 0.0265625 0.03125
2 0.13984375 0.31875 0.0203125 0.046875
2 0.0765625 0.39765625 0.02734375 0.04921875
2 0.08515625 0.6859375 0.03984375 0.121875
2 0.4890625 0.2859375 0.0265625 0.02890625
1 0.31015625 0.69921875 0.1671875 0.28671875