2 0.51875 0.94765625 0.0796875 0.1
2 0.4328125 0.64453125 0.0375 0.1203125
2 0.6359375 0.8609375 0.05859375 0.1796875
2 0.37421875 0.54921875 0.02890625 0.09296875
2 0.5296875 0.75 0.04765625 0.13125
2 0.6578125 0.60234375 0.04375 0.10234375
2 0.415625 0.45859375 0.0234375 0.06875
2 0.1984375 0.45234375 0.02109375 0.06875
2 0.54765625 0.4453125 0.025 0.0640625
2 0.3484375 0.3703125 0.0203125 0.05546875
2 0.45078125 0.37578125 0.01640625 0.053125
2 0.56796875 0.58125 0.0359375 0.0953125
2 0.4921875 0.5421875 0.02734375 0.0890625
2 0.659375 0.48984375 0.02890625 0.06875
2 0.4546875 0.5546875 0.02890625 0.09140625
2 0.2109375 0.41796875 0.0203125 0.0625
2 0.51328125 0.47109375 0.0265625 0.0796875
2 0.4296875 0.4109375 0.02109375 0.0578125
2 0.6234375 0.6921875 0.0546875 0.1
2 0.37421875 0.3390625 0.0140625 0.0421875
2 0.49375 0.421875 0.02265625 0.06640625
2 0.39921875 0.415625 0.01875 0.0578125
2 0.5921875 0.55546875 0.025 0.0796875
2 0.38515625 0.396875 0.0171875 0.05546875
2 0.4109375 0.32890625 0.01484375 0.04453125
2 0.4 0.33984375 0.0125 0.04921875
2 0.4921875 0.4359375 0.0171875 0.04453125
2 0.603125 0.503125 0.02109375 0.08203125
2 0.475 0.48984375 0.02265625 0.078125
1 0.7765625 0.603125 0.14140625 0.1796875