2 0.1953125 0.35859375 0.01640625 0.046875
2 0.17421875 0.33359375 0.0140625 0.04921875
2 0.22421875 0.5796875 0.03125 0.09765625
2 0.19140625 0.48359375 0.02734375 0.0734375
2 0.25625 0.63671875 0.03984375 0.121875
2 0.01328125 0.55 0.0265625 0.078125
2 0.22421875 0.28359375 0.01875 0.03359375
2 0.0453125 0.4078125 0.04140625 0.05546875
2 0.3984375 0.284375 0.03125 0.03984375
2 0.0765625 0.3921875 0.0421875 0.06875
2 0.4484375 0.27890625 0.0265625 0.0421875
2 0.4734375 0.2765625 0.025 0.0375
2 0.1234375 0.29921875 0.01484375 0.0375