0 0.48203125 0.31796875 0.0890625 0.15546875
0 0.3953125 0.30546875 0.06015625 0.121875
2 0.2296875 0.60234375 0.0375 0.10703125
2 0.34453125 0.7125 0.0390625 0.1359375
2 0.43046875 0.85546875 0.0484375 0.16875
2 0.9765625 0.83671875 0.0453125 0.1265625
2 0.4296875 0.571875 0.03125 0.09140625
2 0.321875 0.37578125 0.01640625 0.04453125
2 0.3984375 0.44921875 0.02265625 0.07109375
2 0.3453125 0.35 0.0109375 0.0375
2 0.35078125 0.2578125 0.00859375 0.03125
2 0.3375 0.2578125 0.0078125 0.0265625
2 0.44453125 0.5 0.0265625 0.0796875
2 0.43359375 0.3 0.01015625 0.0265625
2 0.353125 0.33984375 0.0109375 0.03984375
2 0.35625 0.23359375 0.0078125 0.021875
2 0.34921875 0.3421875 0.01875 0.04921875
2 0.3703125 0.2421875 0.00625 0.021875
1 0.6078125 0.603125 0.1296875 0.184375
1 0.76640625 0.59296875 0.16484375 0.221875
1 0.6328125 0.4578125 0.1015625 0.1375