2 0.17265625 0.571875 0.0328125 0.1
2 0.39296875 0.78203125 0.05859375 0.15546875
2 0.21875 0.3546875 0.01484375 0.03359375
2 0.48359375 0.27421875 0.025 0.0375
2 0.41640625 0.27890625 0.0328125 0.0375
2 0.19296875 0.36796875 0.01640625 0.03359375
2 0.17578125 0.33203125 0.01640625 0.0375
2 0.56484375 0.2796875 0.02265625 0.0265625
2 0.540625 0.2796875 0.0234375 0.0265625
2 0.35234375 0.2859375 0.025 0.02890625
2 0.0109375 0.56328125 0.021875 0.0578125
2 0.1828125 0.36875 0.01484375 0.03125
2 0.02421875 0.56328125 0.0484375 0.06015625
1 0.1921875 0.4453125 0.0671875 0.121875
1 0.496875 0.9453125 0.2140625 0.1046875