0 0.5484375 0.36328125 0.06875 0.10859375
2 0.81171875 0.9421875 0.09375 0.1109375
2 0.59453125 0.87421875 0.06640625 0.184375
2 0.2171875 0.521875 0.0296875 0.084375
2 0.72890625 0.7578125 0.0625 0.15078125
2 0.36171875 0.72578125 0.0515625 0.14921875
2 0.1765625 0.4453125 0.0234375 0.06875
2 0.49140625 0.52890625 0.0296875 0.0890625
2 0.4171875 0.58984375 0.03515625 0.1
2 0.5515625 0.7375 0.04375 0.13359375
2 0.36328125 0.45703125 0.02109375 0.0640625
2 0.61328125 0.6359375 0.0359375 0.1109375
2 0.50546875 0.4125 0.02109375 0.06015625
2 0.40078125 0.40859375 0.01875 0.0625
2 0.5234375 0.6125 0.03515625 0.1046875
2 0.540625 0.53671875 0.02890625 0.08203125
2 0.5890625 0.6796875 0.0375 0.115625
2 0.45234375 0.55546875 0.0328125 0.09765625
2 0.5328125 0.25234375 0.0109375 0.03359375
2 0.16796875 0.3375 0.0140625 0.03984375
2 0.47265625 0.4265625 0.02265625 0.0625
2 0.3875 0.36796875 0.0171875 0.05078125
2 0.38203125 0.31796875 0.0140625 0.03984375
2 0.20859375 0.40859375 0.0171875 0.04921875
2 0.3625 0.36328125 0.01484375 0.0421875
2 0.43046875 0.4453125 0.01875 0.05546875
2 0.40859375 0.51328125 0.02734375 0.0625
2 0.209375 0.4703125 0.02109375 0.05546875
1 0.89140625 0.77578125 0.21484375 0.2796875
1 0.6234375 0.49453125 0.1078125 0.1625