0 0.2359375 0.2734375 0.03984375 0.03984375
2 0.19375 0.4 0.0171875 0.053125
2 0.515625 0.28203125 0.0234375 0.0265625
2 0.54609375 0.278125 0.02265625 0.0265625
2 0.0453125 0.40859375 0.03984375 0.053125
2 0.46953125 0.3046875 0.01875 0.03125
2 0.20859375 0.42109375 0.0171875 0.05078125
2 0.353125 0.2859375 0.0265625 0.02890625
2 0.07109375 0.4 0.0375 0.04453125
2 0.575 0.27890625 0.025 0.02421875
2 0.42578125 0.26796875 0.01640625 0.02421875
2 0.33125 0.27890625 0.0171875 0.02890625
2 0.3953125 0.2765625 0.02109375 0.02890625
2 0.44296875 0.284375 0.0234375 0.0265625
2 0.1046875 0.46640625 0.025 0.06640625
1 0.21796875 0.55 0.10390625 0.14921875
1 0.22734375 0.334375 0.0375 0.06015625
1 0.1703125 0.3078125 0.05859375 0.05546875