2 0.25078125 0.8296875 0.0484375 0.16640625
2 0.5453125 0.834375 0.05859375 0.17578125
2 0.3109375 0.68984375 0.03984375 0.11796875
2 0.43515625 0.68359375 0.0453125 0.13125
2 0.51015625 0.6375 0.0421875 0.12421875
2 0.6953125 0.884375 0.07109375 0.178125
2 0.1984375 0.50859375 0.02734375 0.0796875
2 0.41953125 0.41640625 0.01875 0.06015625
2 0.1609375 0.33359375 0.01484375 0.03984375
2 0.38046875 0.4140625 0.01875 0.06015625
2 0.4484375 0.55 0.0296875 0.09140625
2 0.5875 0.69921875 0.0421875 0.121875
2 0.25625 0.58671875 0.03515625 0.10234375
2 0.6171875 0.628125 0.03984375 0.1265625
2 0.1953125 0.35703125 0.0140625 0.0421875
2 0.5515625 0.55 0.03125 0.08671875
2 0.7140625 0.7078125 0.06484375 0.14453125
2 0.546875 0.2578125 0.01875 0.03125
2 0.2203125 0.37890625 0.01640625 0.046875
2 0.49765625 0.521875 0.0296875 0.0796875
2 0.4515625 0.3796875 0.01640625 0.053125
2 0.46953125 0.48203125 0.01875 0.07109375
2 0.3609375 0.34921875 0.01484375 0.04921875
2 0.49375 0.38203125 0.01484375 0.053125
2 0.38046875 0.33671875 0.0140625 0.046875
2 0.58515625 0.52890625 0.0296875 0.0796875
2 0.2078125 0.4375 0.025 0.0625
2 0.48359375 0.4421875 0.0171875 0.053125
2 0.1890625 0.33359375 0.01484375 0.03984375
2 0.40703125 0.378125 0.0140625 0.04921875
1 0.79453125 0.634375 0.18125 0.2375
1 0.53359375 0.3734375 0.0546875 0.07578125