0 0.1953125 0.25078125 0.0703125 0.07578125
2 0.5140625 0.7921875 0.04609375 0.1578125
2 0.20234375 0.51796875 0.025 0.0796875
2 0.2921875 0.4921875 0.05234375 0.0734375
2 0.5828125 0.6734375 0.04609375 0.1375
2 0.72734375 0.92578125 0.08515625 0.14453125
2 0.3703125 0.503125 0.025 0.078125
2 0.11875 0.4375 0.0203125 0.0578125
2 0.47421875 0.43359375 0.0234375 0.07109375
2 0.4171875 0.53671875 0.02734375 0.08203125
2 0.1703125 0.36015625 0.0140625 0.03984375
2 0.6328125 0.91796875 0.0609375 0.16015625
2 0.1796875 0.44140625 0.02265625 0.06875
2 0.4015625 0.40859375 0.01640625 0.0578125
2 0.53515625 0.25546875 0.01015625 0.0265625
2 0.5015625 0.62421875 0.0359375 0.10234375
2 0.49375 0.32890625 0.0125 0.04921875
2 0.43359375 0.39296875 0.0203125 0.0578125
2 0.3703125 0.3375 0.01484375 0.04453125
2 0.9234375 0.94765625 0.1515625 0.1
2 0.3796875 0.4265625 0.0171875 0.0578125
2 0.2609375 0.85703125 0.0515625 0.153125
2 0.74296875 0.8203125 0.0609375 0.16015625
2 0.696875 0.97890625 0.0484375 0.0375
2 0.4890625 0.5421875 0.0390625 0.09296875
2 0.32265625 0.35078125 0.01484375 0.04453125
2 0.45625 0.37578125 0.025 0.04453125
2 0.7453125 0.74921875 0.06640625 0.15078125
2 0.38671875 0.3640625 0.0140625 0.03984375
1 0.6546875 0.4859375 0.1125 0.1578125
1 0.21015625 0.36875 0.0453125 0.07109375
1 0.5796875 0.40546875 0.06640625 0.08671875