2 0.4140625 0.85234375 0.05 0.17578125
2 0.6546875 0.64453125 0.0484375 0.1203125
2 0.5046875 0.3921875 0.01875 0.05546875
2 0.77421875 0.95859375 0.09375 0.078125
2 0.45859375 0.5296875 0.0296875 0.1
2 0.38515625 0.40234375 0.0203125 0.053125
2 0.70859375 0.84921875 0.07265625 0.18203125
2 0.5515625 0.4765625 0.0265625 0.08203125
2 0.4140625 0.3640625 0.0171875 0.04921875
2 0.20859375 0.37578125 0.0171875 0.04453125
2 0.18671875 0.35703125 0.0140625 0.0375
2 0.45703125 0.30546875 0.0109375 0.03359375
2 0.9578125 0.96328125 0.08125 0.06875
2 0.434375 0.31015625 0.0109375 0.0375
2 0.3671875 0.3609375 0.01484375 0.0421875
2 0.4875 0.25078125 0.01015625 0.0265625
2 0.39765625 0.33125 0.01484375 0.04453125
2 0.1671875 0.38671875 0.01640625 0.04921875
2 0.546875 0.39296875 0.01640625 0.04453125
2 0.5703125 0.2578125 0.0125 0.0265625
2 0.34453125 0.2796875 0.00859375 0.0359375
2 0.4453125 0.38125 0.01640625 0.0421875
2 0.45078125 0.4375 0.0234375 0.0578125
2 0.41875 0.2859375 0.01015625 0.02890625
2 0.12890625 0.3890625 0.02265625 0.04921875
2 0.09921875 0.434375 0.02109375 0.06875
2 0.36875 0.29140625 0.0125 0.04453125
2 0.00390625 0.55234375 0.0078125 0.0640625
2 0.2140625 0.35703125 0.01484375 0.0375
1 0.175 0.496875 0.07734375 0.121875