2 0.1734375 0.46328125 0.02734375 0.0734375
2 0.34921875 0.2890625 0.0265625 0.0265625
2 0.41875 0.2875 0.025 0.02890625
2 0.17578125 0.30078125 0.0265625 0.02890625
2 0.4015625 0.2703125 0.01015625 0.02421875
2 0.1359375 0.3 0.025 0.0265625
2 0.4359375 0.28125 0.0234375 0.02890625
2 0.31953125 0.2875 0.01640625 0.02890625
2 0.20234375 0.30078125 0.0203125 0.02421875
2 0.49140625 0.28359375 0.02265625 0.02421875
2 0.6828125 0.284375 0.0265625 0.0359375
1 0.2125 0.35234375 0.0453125 0.078125
1 0.51484375 0.26796875 0.05 0.0375