2 0.346875 0.77421875 0.04375 0.1359375
2 0.4703125 0.7703125 0.0484375 0.153125
2 0.21953125 0.421875 0.01875 0.053125
2 0.3640625 0.5796875 0.02890625 0.0890625
2 0.634375 0.82890625 0.05390625 0.15078125
2 0.4296875 0.6390625 0.0375 0.121875
2 0.721875 0.83984375 0.0734375 0.1734375
2 0.5984375 0.628125 0.03984375 0.121875
2 0.54296875 0.68671875 0.04609375 0.1375
2 0.48046875 0.6 0.0359375 0.09765625
2 0.6640625 0.5953125 0.0484375 0.084375
2 0.73984375 0.69296875 0.04765625 0.115625
2 0.3859375 0.52421875 0.0265625 0.084375
2 0.61484375 0.5078125 0.02734375 0.078125
2 0.57265625 0.87890625 0.07265625 0.23359375
2 0.35546875 0.42890625 0.02109375 0.0625
2 0.8640625 0.94296875 0.0671875 0.10859375
2 0.321875 0.384375 0.01640625 0.0625
2 0.5421875 0.478125 0.0234375 0.06640625
2 0.4015625 0.446875 0.02109375 0.06640625
2 0.10078125 0.41796875 0.0359375 0.07109375
2 0.678125 0.703125 0.0515625 0.1265625
2 0.43125 0.521875 0.02734375 0.07578125
2 0.521875 0.5296875 0.02890625 0.08203125
2 0.72734375 0.66875 0.025 0.0796875
2 0.5515625 0.578125 0.02890625 0.0625
2 0.45078125 0.41796875 0.01640625 0.0625
2 0.4296875 0.44765625 0.0234375 0.05546875
2 0.7484375 0.94296875 0.03125 0.10859375
2 0.7796875 0.94296875 0.0953125 0.10859375
2 0.34296875 0.38359375 0.0140625 0.046875
2 0.47890625 0.43359375 0.0203125 0.053125
2 0.3796875 0.45703125 0.02109375 0.06015625
2 0.09140625 0.41640625 0.0203125 0.06875
2 0.49609375 0.49296875 0.0203125 0.07109375
2 0.809375 0.80859375 0.0859375 0.12421875
3 0.8109375 0.57890625 0.2046875 0.3265625
1 0.2 0.51015625 0.0828125 0.1359375