0 0.3984375 0.23203125 0.0359375 0.0640625
0 0.36328125 0.24296875 0.02890625 0.06015625
2 0.5046875 0.65546875 0.0390625 0.13359375
2 0.39765625 0.48984375 0.02734375 0.08203125
2 0.54375 0.57109375 0.03515625 0.10234375
2 0.665625 0.678125 0.0484375 0.1203125
2 0.2234375 0.57578125 0.03359375 0.084375
2 0.596875 0.9625 0.0765625 0.07109375
2 0.321875 0.6390625 0.04375 0.10859375
2 0.5078125 0.39140625 0.02265625 0.0578125
2 0.7515625 0.95546875 0.0921875 0.084375
2 0.4453125 0.51796875 0.0296875 0.0890625
2 0.41875 0.365625 0.0171875 0.05078125
2 0.5578125 0.44921875 0.0234375 0.06640625
2 0.3796875 0.38984375 0.01875 0.0640625
2 0.9578125 0.94453125 0.0828125 0.10703125
2 0.48359375 0.5234375 0.0328125 0.08671875
2 0.53359375 0.48671875 0.0296875 0.07578125
2 0.321875 0.38671875 0.01875 0.06640625
2 0.40390625 0.353125 0.0125 0.04453125
2 0.63515625 0.5859375 0.03515625 0.08671875
2 0.3671875 0.3578125 0.0140625 0.03984375
2 0.3609375 0.28984375 0.01015625 0.0421875
2 0.48203125 0.434375 0.0265625 0.06015625
2 0.6171875 0.52890625 0.02109375 0.0625
2 0.4453125 0.41328125 0.02109375 0.04453125
2 0.44375 0.3546875 0.01484375 0.0375
2 0.3625 0.34296875 0.02265625 0.0640625
2 0.44375 0.43203125 0.025 0.06875
2 0.63046875 0.8875 0.06875 0.2109375
1 0.69375 0.51796875 0.11015625 0.1375
1 0.284375 0.7234375 0.1640625 0.2375
1 0.8953125 0.76640625 0.20625 0.36015625