2 0.5 0.81015625 0.0546875 0.1578125
2 0.6546875 0.73203125 0.05625 0.153125
2 0.4390625 0.4453125 0.01875 0.0640625
2 0.47109375 0.43359375 0.0203125 0.0578125
2 0.39765625 0.38984375 0.0171875 0.05078125
2 0.35546875 0.5765625 0.02890625 0.1
2 0.16640625 0.36796875 0.01484375 0.0421875
2 0.421875 0.35859375 0.0140625 0.046875
2 0.2328125 0.35546875 0.0109375 0.03984375
2 0.0453125 0.4078125 0.0390625 0.05078125
2 0.45234375 0.3890625 0.0171875 0.053125
2 0.1875 0.35078125 0.0203125 0.0359375
2 0.07109375 0.4 0.0375 0.03984375
1 0.63046875 0.46875 0.1015625 0.1375
1 0.0328125 0.5390625 0.065625 0.1375
1 0.34375 0.85234375 0.18984375 0.29140625
1 0.52421875 0.3859375 0.05625 0.08203125
1 0.1984375 0.40078125 0.05390625 0.08203125