2 0.3390625 0.915625 0.0546875 0.1640625
2 0.27109375 0.70234375 0.03984375 0.12890625
2 0.46484375 0.76015625 0.0421875 0.1375
2 0.52109375 0.5875 0.0328125 0.1046875
2 0.20234375 0.60703125 0.0453125 0.10703125
2 0.39609375 0.60703125 0.03515625 0.10703125
2 0.96171875 0.95234375 0.0734375 0.09140625
2 0.465625 0.55703125 0.03359375 0.1
2 0.63203125 0.78671875 0.0484375 0.16015625
2 0.5953125 0.8875 0.0578125 0.19296875
2 0.190625 0.35859375 0.01640625 0.0421875
2 0.79375 0.76640625 0.0671875 0.12421875
2 0.49296875 0.42890625 0.02109375 0.06640625
2 0.1984375 0.478125 0.025 0.06640625
2 0.534375 0.45859375 0.02109375 0.0640625
2 0.5328125 0.26015625 0.01640625 0.021875
2 0.5125 0.47421875 0.025 0.0640625
2 0.1578125 0.32578125 0.0203125 0.03359375
2 0.35703125 0.47109375 0.01875 0.07109375
2 0.42734375 0.45078125 0.0203125 0.0625
2 0.58984375 0.4375 0.025 0.0265625
2 0.8515625 0.92578125 0.09140625 0.14453125
2 0.4453125 0.5046875 0.0265625 0.07578125
2 0.35078125 0.3890625 0.01640625 0.04453125
2 0.4078125 0.4140625 0.01875 0.06015625
2 0.39375 0.4578125 0.0203125 0.0578125
2 0.40078125 0.5265625 0.03359375 0.07109375
2 0.36796875 0.421875 0.01640625 0.0578125
2 0.4515625 0.42421875 0.02109375 0.0578125
2 0.58828125 0.42109375 0.02890625 0.05546875
1 0.61875 0.54453125 0.12265625 0.1953125