2 0.8515625 0.75546875 0.07109375 0.146875
2 0.465625 0.66875 0.04140625 0.1203125
2 0.6203125 0.82421875 0.0578125 0.16015625
2 0.5328125 0.58671875 0.0390625 0.10703125
2 0.52421875 0.3890625 0.01875 0.053125
2 0.4828125 0.5 0.03125 0.084375
2 0.6375 0.6140625 0.04765625 0.13125
2 0.434375 0.41875 0.02109375 0.0640625
2 0.484375 0.3796875 0.01875 0.053125
2 0.20390625 0.43671875 0.02265625 0.0640625
2 0.4453125 0.3140625 0.0140625 0.0421875
2 0.2171875 0.38984375 0.0171875 0.0421875
2 0.1796875 0.4140625 0.0171875 0.05078125
2 0.3484375 0.31015625 0.0125 0.0421875
2 0.159375 0.44765625 0.01875 0.06015625
2 0.12890625 0.38984375 0.02265625 0.046875
2 0.3859375 0.35234375 0.0125 0.0421875
2 0.54140625 0.25078125 0.01015625 0.0265625
2 0.9828125 0.97578125 0.0328125 0.04453125
2 0.37421875 0.45859375 0.0234375 0.0640625
2 0.4265625 0.35078125 0.0125 0.03984375
2 0.41640625 0.33203125 0.0125 0.0375
2 0.00390625 0.55234375 0.0078125 0.0640625
1 0.30703125 0.6421875 0.1734375 0.1953125