2 0.3828125 0.70859375 0.04609375 0.1375
2 0.43203125 0.93671875 0.0640625 0.121875
2 0.3046875 0.52109375 0.04765625 0.08671875
2 0.2078125 0.3734375 0.01640625 0.04921875
2 0.4796875 0.8578125 0.04765625 0.1640625
2 0.4265625 0.56640625 0.0296875 0.0890625
2 0.35859375 0.6140625 0.0296875 0.1046875
2 0.98125 0.94296875 0.03515625 0.10859375
2 0.5890625 0.89453125 0.07109375 0.19296875
2 0.3546875 0.3453125 0.0140625 0.0375
2 0.3546875 0.453125 0.0234375 0.0625
2 0.7078125 0.95 0.06875 0.0953125
2 0.628125 0.74921875 0.0515625 0.1421875
2 0.4515625 0.2765625 0.0234375 0.03359375
2 0.471875 0.6890625 0.04375 0.09296875
2 0.37890625 0.34765625 0.0171875 0.06015625
2 0.47734375 0.284375 0.02265625 0.0265625
2 0.46875 0.42421875 0.02265625 0.0578125
2 0.4703125 0.58984375 0.03359375 0.078125
2 0.04609375 0.4078125 0.03984375 0.05078125
2 0.4328125 0.4578125 0.0203125 0.06640625
2 0.3921875 0.33359375 0.0125 0.0359375
2 0.52734375 0.65703125 0.0375 0.09140625
2 0.56953125 0.7359375 0.05859375 0.10234375
2 0.365625 0.2890625 0.02109375 0.03125
2 0.3359375 0.28203125 0.0234375 0.03125
2 0.41171875 0.48984375 0.0265625 0.06875
2 0.07265625 0.4 0.03515625 0.03984375
2 0.3984375 0.44140625 0.01875 0.0640625
2 0.31953125 0.28984375 0.01875 0.03359375
2 0.4453125 0.253125 0.02109375 0.03125
2 0.5171875 0.57890625 0.0375 0.08671875
2 0.41796875 0.35859375 0.0140625 0.0375
2 0.5671875 0.621875 0.0390625 0.084375
2 0.3484375 0.4140625 0.02109375 0.05078125
2 0.4859375 0.4703125 0.02890625 0.06015625
2 0.66171875 0.4625 0.0265625 0.0625
1 0.76953125 0.77890625 0.23359375 0.3625