2 0.3140625 0.74296875 0.04765625 0.1578125
2 0.45390625 0.8734375 0.05 0.16015625
2 0.53984375 0.7296875 0.04765625 0.13984375
2 0.3921875 0.503125 0.0234375 0.0734375
2 0.828125 0.75703125 0.05859375 0.153125
2 0.6671875 0.6390625 0.0515625 0.121875
2 0.66796875 0.95703125 0.08359375 0.08203125
2 0.61640625 0.72421875 0.0578125 0.15078125
2 0.5171875 0.58359375 0.03515625 0.1046875
2 0.5375 0.50234375 0.0328125 0.09296875
2 0.50390625 0.421875 0.02265625 0.06640625
2 0.44296875 0.55234375 0.03125 0.08671875
2 0.47578125 0.4796875 0.0265625 0.0796875
2 0.1703125 0.34921875 0.0125 0.03984375
2 0.3640625 0.45703125 0.01875 0.0640625
2 0.58359375 0.55 0.0375 0.0953125
2 0.8015625 0.94296875 0.08984375 0.10859375
2 0.45625 0.6921875 0.0421875 0.10859375
2 0.53359375 0.4046875 0.0171875 0.0578125
2 0.78203125 0.8078125 0.04375 0.10859375
2 0.4359375 0.4734375 0.025 0.0625
2 0.765625 0.765625 0.0765625 0.20703125
2 0.340625 0.3359375 0.0140625 0.0359375
2 0.4890625 0.38125 0.01484375 0.05078125
2 0.45546875 0.4125 0.01875 0.06015625
2 0.3734375 0.396875 0.01484375 0.05078125
2 0.35390625 0.40546875 0.0171875 0.05078125
2 0.40390625 0.4453125 0.0171875 0.06015625
2 0.6109375 0.62578125 0.03984375 0.0734375
2 0.7609375 0.71015625 0.0609375 0.1
1 0.66171875 0.4734375 0.10625 0.146875
1 0.1921875 0.40234375 0.0578125 0.10703125