0 0.196875 0.24140625 0.05859375 0.05078125
2 0.23359375 0.6640625 0.0453125 0.13359375
2 0.5140625 0.56640625 0.0375 0.10234375
2 0.52265625 0.38359375 0.0171875 0.05078125
2 0.4875 0.3390625 0.0171875 0.05078125
2 0.4421875 0.353125 0.0171875 0.04921875
2 0.40859375 0.35078125 0.01484375 0.04921875
2 0.45390625 0.29765625 0.01015625 0.03125
2 0.32109375 0.3765625 0.01484375 0.0421875
2 0.35234375 0.296875 0.01015625 0.03359375
2 0.3390625 0.2859375 0.00859375 0.02890625
2 0.38828125 0.3125 0.01640625 0.0421875
2 0.42890625 0.303125 0.01015625 0.03359375
2 0.20625 0.3046875 0.01015625 0.0265625
1 0.178125 0.45234375 0.06875 0.13125
1 0.20390625 0.3625 0.0453125 0.07109375