2 0.3578125 0.86640625 0.05625 0.19140625
2 0.29609375 0.63359375 0.0421875 0.12421875
2 0.62265625 0.884375 0.0578125 0.19140625
2 0.5546875 0.6203125 0.04140625 0.1203125
2 0.4421875 0.8921875 0.0640625 0.1890625
2 0.37890625 0.56875 0.0296875 0.0890625
2 0.5 0.81328125 0.05234375 0.16875
2 0.578125 0.94453125 0.0609375 0.10703125
2 0.50234375 0.62578125 0.0375 0.1
2 0.9234375 0.965625 0.1 0.0640625
2 0.7734375 0.95703125 0.0859375 0.08203125
2 0.525 0.5203125 0.02734375 0.084375
2 0.44140625 0.7109375 0.0421875 0.10234375
2 0.6078125 0.75 0.0578125 0.09140625
2 0.7703125 0.853125 0.0734375 0.10703125
2 0.44296875 0.6125 0.0359375 0.0734375
2 0.5359375 0.25859375 0.01484375 0.02890625
2 0.3578125 0.43203125 0.01875 0.0640625
2 0.48984375 0.39765625 0.0171875 0.053125
2 0.3390625 0.4140625 0.01875 0.05546875
2 0.4515625 0.496875 0.02265625 0.0734375
2 0.4375 0.41875 0.0171875 0.06015625
2 0.475 0.5296875 0.02734375 0.08671875
2 0.48671875 0.48671875 0.01875 0.06640625
2 0.553125 0.25859375 0.0140625 0.02421875
2 0.4265625 0.52578125 0.0265625 0.0734375
2 0.484375 0.25 0.00859375 0.02421875
2 0.38671875 0.4953125 0.0265625 0.07109375
2 0.4015625 0.4375 0.0203125 0.06640625
1 0.90078125 0.765625 0.19609375 0.34921875
1 0.70703125 0.52578125 0.11875 0.13984375
1 0.6984375 0.67890625 0.1765625 0.23359375