2 0.503125 0.39921875 0.02109375 0.05546875
2 0.39765625 0.321875 0.01484375 0.04921875
2 0.4296875 0.3234375 0.0140625 0.0421875
2 0.3609375 0.328125 0.01484375 0.05546875
2 0.4671875 0.296875 0.0109375 0.0421875
2 0.1359375 0.4109375 0.01640625 0.04921875
2 0.534375 0.25078125 0.0109375 0.0265625
2 0.3453125 0.29296875 0.0109375 0.03984375
2 0.046875 0.40859375 0.0359375 0.04921875
2 0.56796875 0.265625 0.0140625 0.02421875
2 0.2109375 0.39140625 0.0203125 0.06640625
2 0.1921875 0.34296875 0.01015625 0.0375
1 0.3984375 0.853125 0.2171875 0.2890625
1 0.2078125 0.5296875 0.0828125 0.1359375