2 0.3609375 0.75546875 0.04609375 0.16015625
2 0.16953125 0.4921875 0.0265625 0.078125
2 0.4734375 0.6109375 0.03359375 0.10703125
2 0.4890625 0.81796875 0.05 0.146875
2 0.19921875 0.4421875 0.0234375 0.06640625
2 0.83125 0.86640625 0.0828125 0.18203125
2 0.6953125 0.81328125 0.06640625 0.16015625
2 0.5328125 0.74921875 0.04140625 0.1375
2 0.5125 0.51875 0.0328125 0.0953125
2 0.5578125 0.634375 0.04140625 0.1265625
2 0.7515625 0.71015625 0.0375 0.1359375
2 0.590625 0.9796875 0.06875 0.0359375
2 0.1796875 0.3890625 0.0171875 0.04921875
2 0.60625 0.86875 0.0625 0.18671875
2 0.3921875 0.496875 0.0234375 0.06875
2 0.4296875 0.50078125 0.0234375 0.0734375
2 0.72734375 0.7734375 0.0328125 0.1375
2 0.35 0.48125 0.0203125 0.06875
2 0.15859375 0.42421875 0.0203125 0.06640625
2 0.45625 0.52421875 0.0296875 0.0796875
2 0.4765625 0.45234375 0.0203125 0.0640625
2 0.3390625 0.3890625 0.01875 0.04453125
2 0.37265625 0.4453125 0.0203125 0.06015625
2 0.07265625 0.36875 0.025 0.04921875
2 0.7796875 0.98203125 0.09140625 0.03125
2 0.1046875 0.38984375 0.01640625 0.05078125
2 0.409375 0.46796875 0.01640625 0.06875
1 0.9015625 0.76796875 0.19375 0.26875
1 0.61875 0.53671875 0.10234375 0.1578125
1 0.5734375 0.39921875 0.07109375 0.08671875