2 0.4234375 0.946875 0.05859375 0.10234375
2 0.5390625 0.65078125 0.04375 0.12421875
2 0.2671875 0.7359375 0.04375 0.1421875
2 0.17421875 0.553125 0.02890625 0.09296875
2 0.484375 0.771875 0.0484375 0.1578125
2 0.74140625 0.91875 0.0828125 0.1578125
2 0.60234375 0.878125 0.06015625 0.1953125
2 0.403125 0.353125 0.0140625 0.04453125
2 0.54375 0.953125 0.0703125 0.0890625
2 0.1953125 0.39296875 0.02109375 0.0578125
2 0.1765625 0.3359375 0.0140625 0.03125
2 0.20703125 0.3578125 0.0140625 0.0359375
2 0.7015625 0.73671875 0.0484375 0.1
1 0.6796875 0.52890625 0.11875 0.1421875
1 0.521875 0.34140625 0.05390625 0.078125