2 0.08359375 0.503125 0.025 0.0734375
2 0.2109375 0.4453125 0.0234375 0.0640625
2 0.0453125 0.40859375 0.03984375 0.053125
2 0.190625 0.42421875 0.01875 0.053125
2 0.46953125 0.296875 0.0109375 0.0421875
2 0.446875 0.278125 0.02109375 0.0265625
2 0.07109375 0.39921875 0.0375 0.046875
2 0.1421875 0.32578125 0.01484375 0.03359375
2 0.55859375 0.28125 0.02265625 0.02890625
2 0.50078125 0.278125 0.01875 0.0265625
2 0.4828125 0.28203125 0.01875 0.021875
2 0.4109375 0.284375 0.0234375 0.0265625
2 0.378125 0.278125 0.02109375 0.0265625
1 0.26015625 0.60703125 0.1328125 0.178125
1 0.2296875 0.34453125 0.0390625 0.0625