0 0.1953125 0.25234375 0.06875 0.0734375
2 0.25390625 0.71015625 0.0453125 0.14921875
2 0.64765625 0.715625 0.05 0.13359375
2 0.35078125 0.7890625 0.0484375 0.1375
2 0.46640625 0.54921875 0.0328125 0.09296875
2 0.51484375 0.55078125 0.0296875 0.0890625
2 0.57734375 0.45546875 0.025 0.07578125
2 0.5203125 0.4234375 0.02265625 0.0640625
2 0.6453125 0.5359375 0.03125 0.0890625
2 0.48203125 0.378125 0.01875 0.0578125
2 0.4203125 0.44765625 0.0234375 0.06875
2 0.3515625 0.35546875 0.01875 0.04921875
2 0.540625 0.25546875 0.0109375 0.0265625
2 0.38984375 0.37421875 0.01484375 0.046875
2 0.3734375 0.36015625 0.01484375 0.04921875
2 0.46328125 0.33984375 0.0140625 0.04453125
2 0.3453125 0.31328125 0.0109375 0.0359375
2 0.446875 0.3546875 0.0140625 0.0421875
2 0.4328125 0.3734375 0.01640625 0.04453125
2 0.459375 0.24453125 0.00625 0.021875
2 0.1609375 0.33125 0.0140625 0.03984375
1 0.1890625 0.37890625 0.0515625 0.09140625