2 0.24375 0.7078125 0.0453125 0.13984375
2 0.1640625 0.3859375 0.0171875 0.046875
2 0.27734375 0.5953125 0.0375 0.09765625
2 0.2171875 0.38125 0.0171875 0.05078125
2 0.37890625 0.27890625 0.025 0.0421875
2 0.4046875 0.28125 0.0234375 0.02890625
2 0.0578125 0.4890625 0.0234375 0.06640625
2 0.53359375 0.2765625 0.0203125 0.03359375
2 0.55703125 0.27890625 0.0234375 0.02890625
2 0.0921875 0.44140625 0.0125 0.05078125
1 0.1875 0.4890625 0.07265625 0.12421875
1 0.5484375 0.921875 0.24140625 0.15078125