2 0.3671875 0.78203125 0.05859375 0.1640625
2 0.30546875 0.63359375 0.04375 0.115625
2 0.203125 0.45 0.02109375 0.06875
2 0.3921875 0.28125 0.0234375 0.02890625
2 0.3515625 0.2796875 0.0234375 0.0265625
2 0.06640625 0.4640625 0.025 0.06640625
2 0.515625 0.28125 0.02109375 0.02421875
2 0.1171875 0.546875 0.04609375 0.09296875
2 0.4453125 0.2765625 0.02265625 0.02890625
2 0.1328125 0.5421875 0.0140625 0.07578125
2 0.12734375 0.30234375 0.02734375 0.0359375
2 0.3140625 0.2921875 0.0125 0.03359375
2 0.54453125 0.28203125 0.0234375 0.03125
2 0.1703125 0.2921875 0.0234375 0.02890625
2 0.478125 0.2859375 0.0234375 0.02421875
2 0.0515625 0.47578125 0.025 0.0578125
2 0.2171875 0.29140625 0.02265625 0.0265625
2 0.11796875 0.553125 0.0234375 0.0796875
1 0.21171875 0.3359375 0.0359375 0.0578125