2 0.36796875 0.8390625 0.0484375 0.153125
2 0.8171875 0.8109375 0.1015625 0.1734375
2 0.3234375 0.58203125 0.0359375 0.1109375
2 0.4421875 0.8 0.04765625 0.16015625
2 0.53046875 0.715625 0.04375 0.1421875
2 0.43046875 0.55546875 0.03359375 0.10234375
2 0.36875 0.371875 0.0203125 0.05078125
2 0.715625 0.91875 0.06640625 0.1578125
2 0.38359375 0.678125 0.0375 0.1203125
2 0.58671875 0.54296875 0.03359375 0.0953125
2 0.17890625 0.4546875 0.02734375 0.06875
2 0.6140625 0.728125 0.0390625 0.1359375
2 0.44765625 0.28671875 0.02734375 0.0359375
2 0.48125 0.2796875 0.025 0.03125
2 0.34296875 0.46875 0.01640625 0.06640625
2 0.4046875 0.49765625 0.0265625 0.0796875
2 0.38828125 0.43359375 0.01875 0.0578125
2 0.32265625 0.3765625 0.0171875 0.05078125
2 0.5484375 0.28671875 0.01484375 0.03984375
2 0.1953125 0.33984375 0.0140625 0.03984375
2 0.33515625 0.4609375 0.0328125 0.08203125
2 0.09921875 0.415625 0.0359375 0.07109375
2 0.553125 0.27109375 0.0234375 0.0359375
2 0.1078125 0.41640625 0.0203125 0.06015625
2 0.59765625 0.85078125 0.0328125 0.15078125
2 0.4265625 0.2359375 0.00625 0.021875
2 0.38828125 0.56875 0.03359375 0.0625
2 0.1890625 0.39765625 0.0171875 0.04453125
2 0.934375 0.97421875 0.0765625 0.046875
2 0.71953125 0.78984375 0.06640625 0.14921875
2 0.32578125 0.3390625 0.01640625 0.0421875
2 0.575 0.91640625 0.0703125 0.1625
2 0.4984375 0.5765625 0.0375 0.1046875
2 0.6109375 0.63984375 0.0484375 0.10703125
1 0.5265625 0.44296875 0.0734375 0.10859375