2 0.21328125 0.44140625 0.02109375 0.06015625
2 0.1609375 0.45 0.02265625 0.06875
2 0.23046875 0.51328125 0.0234375 0.07578125
2 0.190625 0.49296875 0.0265625 0.07578125
2 0.43984375 0.278125 0.02265625 0.03125
2 0.39765625 0.26640625 0.0171875 0.0265625
2 0.046875 0.4078125 0.0390625 0.05078125
2 0.53125 0.2734375 0.02265625 0.0265625
2 0.3703125 0.278125 0.02265625 0.03125
2 0.07265625 0.4 0.03515625 0.03984375
2 0.54921875 0.2546875 0.01875 0.0203125
1 0.07265625 0.7703125 0.1453125 0.25078125