2 0.2078125 0.73359375 0.0453125 0.1421875
2 0.4328125 0.60234375 0.0359375 0.10703125
2 0.6796875 0.5421875 0.0390625 0.0890625
2 0.7578125 0.92109375 0.0859375 0.153125
2 0.53515625 0.38125 0.0171875 0.05078125
2 0.5015625 0.60234375 0.03359375 0.10234375
2 0.5828125 0.79453125 0.0546875 0.16640625
2 0.859375 0.8109375 0.0765625 0.16015625
2 0.5640625 0.66640625 0.0453125 0.09765625
2 0.59140625 0.59921875 0.0375 0.1046875
2 0.4671875 0.4890625 0.02265625 0.07578125
2 0.653125 0.96796875 0.08359375 0.06015625
2 0.41171875 0.4609375 0.0265625 0.06875
2 0.3828125 0.3734375 0.0171875 0.04921875
2 0.3546875 0.37421875 0.01640625 0.05078125
2 0.44921875 0.446875 0.02109375 0.07109375
2 0.865625 0.6875 0.0609375 0.1265625
2 0.4296875 0.49921875 0.0359375 0.06875
2 0.40546875 0.4046875 0.01875 0.04453125
2 0.5046875 0.5203125 0.02734375 0.06640625
2 0.47890625 0.4296875 0.0203125 0.05546875
2 0.0046875 0.553125 0.00859375 0.0625
1 0.2 0.49140625 0.07265625 0.1203125
1 0.3953125 0.90078125 0.2078125 0.19296875
1 0.58828125 0.428125 0.0765625 0.0953125
1 0.20078125 0.3578125 0.04375 0.06640625