2 0.6703125 0.7890625 0.0640625 0.178125
2 0.43203125 0.56328125 0.03125 0.0953125
2 0.3890625 0.51875 0.02109375 0.08203125
2 0.5859375 0.9046875 0.075 0.18671875
2 0.4890625 0.6234375 0.03125 0.1046875
2 0.61484375 0.5796875 0.0328125 0.09765625
2 0.8359375 0.86640625 0.0875 0.1375
2 0.58046875 0.60234375 0.0359375 0.10703125
2 0.66171875 0.6109375 0.04375 0.10234375
2 0.5140625 0.553125 0.0296875 0.09296875
2 0.184375 0.4078125 0.01875 0.05546875
2 0.19921875 0.36875 0.01640625 0.04453125
2 0.55078125 0.44453125 0.02109375 0.0625
2 0.3671875 0.4234375 0.02109375 0.06875
2 0.1671875 0.33125 0.01484375 0.0359375
2 0.3453125 0.35859375 0.0109375 0.046875
2 0.39296875 0.39453125 0.01640625 0.05546875
2 0.5515625 0.2578125 0.0125 0.0265625
2 0.4765625 0.48984375 0.0265625 0.08203125
2 0.5 0.453125 0.025 0.06640625
2 0.45859375 0.44921875 0.0171875 0.06640625
2 0.6234375 0.5046875 0.01484375 0.04453125
2 0.48671875 0.40546875 0.01640625 0.046875
2 0.4390625 0.415625 0.01640625 0.0578125
2 0.421875 0.4296875 0.02109375 0.06015625
2 0.61640625 0.5046875 0.0296875 0.04453125
2 0.8515625 0.94140625 0.1046875 0.11328125
1 0.2859375 0.76640625 0.1671875 0.3375
1 0.9515625 0.834375 0.09375 0.29140625
1 0.7140625 0.546875 0.1125 0.15546875