2 0.31640625 0.63671875 0.03984375 0.121875
2 0.24921875 0.54140625 0.03359375 0.09140625
2 0.3171875 0.92890625 0.0671875 0.1375
2 0.5453125 0.27890625 0.02265625 0.03359375
2 0.1546875 0.32421875 0.0171875 0.03984375
2 0.4734375 0.28125 0.0234375 0.03359375
2 0.17734375 0.36796875 0.0125 0.046875
2 0.43203125 0.284375 0.03359375 0.0359375
2 0.13984375 0.303125 0.025 0.02890625
2 0.07421875 0.396875 0.03125 0.05078125
2 0.046875 0.4078125 0.0390625 0.05078125
2 0.1859375 0.29453125 0.0234375 0.02890625
2 0.3921875 0.2796875 0.01875 0.0359375
2 0.5765625 0.27421875 0.0265625 0.03359375
2 0.3515625 0.284375 0.03359375 0.03984375
2 0.1921875 0.3234375 0.02109375 0.0421875
1 0.20390625 0.37578125 0.05234375 0.0890625