2 0.23046875 0.65078125 0.0390625 0.10703125
2 0.38359375 0.853125 0.05 0.1734375
2 0.4515625 0.62421875 0.0375 0.1109375
2 0.52421875 0.96640625 0.06640625 0.0625
2 0.34765625 0.44765625 0.02265625 0.0640625
2 0.178125 0.478125 0.0234375 0.07109375
2 0.57109375 0.88671875 0.06015625 0.16875
2 0.41640625 0.48359375 0.02265625 0.0734375
2 0.609375 0.8078125 0.04609375 0.14453125
2 0.4796875 0.81015625 0.05234375 0.16640625
2 0.3828125 0.39921875 0.0203125 0.06015625
2 0.36796875 0.5765625 0.03125 0.0953125
2 0.425 0.3078125 0.0125 0.0421875
2 0.4046875 0.27421875 0.0109375 0.03359375
2 0.33828125 0.26328125 0.00859375 0.02890625
2 0.34140625 0.31796875 0.01015625 0.03984375
2 0.3984375 0.35078125 0.0140625 0.03984375
2 0.5046875 0.70859375 0.03984375 0.1203125
2 0.45625 0.4578125 0.0203125 0.0625
2 0.1765625 0.44765625 0.0265625 0.1265625
2 0.38828125 0.5234375 0.02109375 0.0734375
2 0.34921875 0.634375 0.03125 0.0640625
2 0.46171875 0.54140625 0.0265625 0.06015625
2 0.065625 0.46328125 0.0265625 0.06875
2 0.04609375 0.4546875 0.0171875 0.0734375
2 0.3609375 0.2890625 0.0109375 0.03984375
2 0.47265625 0.35703125 0.01484375 0.0421875
2 0.340625 0.75078125 0.04375 0.1375
2 0.4421875 0.37421875 0.0140625 0.046875
2 0.5828125 0.70546875 0.0265625 0.08203125
2 0.4671875 0.4078125 0.01484375 0.05078125
1 0.853125 0.8390625 0.29140625 0.31796875
1 0.5390625 0.52421875 0.09765625 0.1421875
1 0.9125 0.76640625 0.17265625 0.26640625
1 0.7234375 0.53671875 0.1296875 0.1796875
1 0.6703125 0.6046875 0.15234375 0.23984375
1 0.19453125 0.4 0.0609375 0.10703125