2 0.375 0.8921875 0.05 0.1578125
2 0.21484375 0.521875 0.0296875 0.0890625
2 0.59375 0.8234375 0.06484375 0.17109375
2 0.6578125 0.95234375 0.07890625 0.09140625
2 0.453125 0.69296875 0.04140625 0.12890625
2 0.47265625 0.9359375 0.0828125 0.12421875
2 0.3828125 0.696875 0.0390625 0.121875
2 0.94453125 0.96875 0.10859375 0.0578125
2 0.6625 0.81796875 0.0703125 0.16875
2 0.5484375 0.6046875 0.0328125 0.10234375
2 0.5234375 0.69140625 0.03984375 0.12890625
2 0.76953125 0.87578125 0.08125 0.178125
2 0.765625 0.7421875 0.06640625 0.115625
2 0.49921875 0.85234375 0.05390625 0.153125
2 0.42265625 0.5359375 0.02734375 0.0890625
2 0.3578125 0.4296875 0.0203125 0.05546875
2 0.4828125 0.5640625 0.02734375 0.09296875
2 0.36484375 0.54296875 0.0296875 0.0953125
2 0.33203125 0.3421875 0.0140625 0.03984375
2 0.5109375 0.5109375 0.0234375 0.0796875
2 0.37421875 0.3953125 0.01640625 0.0578125
2 0.5671875 0.55078125 0.0296875 0.0890625
2 0.784375 0.971875 0.09609375 0.05078125
2 0.4640625 0.478125 0.025 0.06640625
2 0.38828125 0.6 0.0390625 0.07109375
2 0.39140625 0.50546875 0.025 0.078125
2 0.4609375 0.60546875 0.0328125 0.08671875
1 0.65390625 0.48203125 0.11015625 0.15546875
1 0.57109375 0.3953125 0.06484375 0.084375