2 0.353125 0.9359375 0.07890625 0.12421875
2 0.5078125 0.484375 0.0296875 0.0796875
2 0.68203125 0.59140625 0.04375 0.10234375
2 0.45625 0.46640625 0.025 0.07109375
2 0.61171875 0.45 0.0265625 0.06875
2 0.5390625 0.40078125 0.01875 0.05546875
2 0.4046875 0.3546875 0.01640625 0.046875
2 0.48125 0.33359375 0.0125 0.03984375
2 0.36953125 0.3234375 0.0109375 0.0421875
2 0.5703125 0.25546875 0.0140625 0.03125
2 0.45625 0.34296875 0.01484375 0.046875
2 0.42890625 0.3390625 0.0125 0.046875
2 0.3515625 0.296875 0.0109375 0.0375
2 0.321875 0.37578125 0.01640625 0.04453125
2 0.3359375 0.28203125 0.01015625 0.03125
1 0.1984375 0.56640625 0.1 0.2
1 0.18828125 0.4125 0.05625 0.09140625