2 0.22578125 0.9421875 0.07109375 0.1109375
2 0.2390625 0.61015625 0.03359375 0.1
2 0.6015625 0.62421875 0.0421875 0.1109375
2 0.6765625 0.7734375 0.06640625 0.15546875
2 0.421875 0.48359375 0.0265625 0.078125
2 0.3640625 0.40078125 0.01875 0.06015625
2 0.2359375 0.43359375 0.01875 0.0625
2 0.46640625 0.55 0.0296875 0.0953125
2 0.4796875 0.74140625 0.0453125 0.1359375
2 0.3328125 0.70078125 0.04375 0.1
2 0.52734375 0.54765625 0.02265625 0.0953125
2 0.4578125 0.45546875 0.025 0.0625
2 0.534375 0.25703125 0.0140625 0.02890625
2 0.85625 0.765625 0.0625 0.13984375
2 0.4265625 0.38984375 0.01640625 0.046875
2 0.83515625 0.953125 0.08984375 0.0890625
2 0.1484375 0.44140625 0.02265625 0.06875
2 0.3984375 0.68203125 0.04765625 0.04453125
2 0.4078125 0.615625 0.0375 0.115625
2 0.18125 0.328125 0.01484375 0.0421875
2 0.4078125 0.403125 0.01875 0.06015625
2 0.065625 0.47109375 0.0234375 0.04921875
2 0.09453125 0.46640625 0.0265625 0.0625
2 0.33359375 0.63671875 0.0421875 0.121875
2 0.53515625 0.753125 0.05 0.16015625
2 0.80078125 0.7859375 0.0765625 0.13125
2 0.20546875 0.3234375 0.0140625 0.02890625
2 0.5109375 0.596875 0.02890625 0.09140625
2 0.34453125 0.34453125 0.0140625 0.04921875
2 0.4890625 0.665625 0.04375 0.121875
1 0.434375 0.84921875 0.23359375 0.29765625
1 0.7125 0.53203125 0.1421875 0.1890625
1 0.56171875 0.3859375 0.06640625 0.1