2 0.41953125 0.7109375 0.04140625 0.1375
2 0.50703125 0.72890625 0.0484375 0.1421875
2 0.72109375 0.621875 0.05 0.12421875
2 0.63515625 0.96328125 0.07734375 0.06875
2 0.3703125 0.4203125 0.01875 0.0625
2 0.5984375 0.49921875 0.03125 0.08203125
2 0.56328125 0.5625 0.0359375 0.1109375
2 0.575 0.4140625 0.0203125 0.06015625
2 0.5015625 0.4375 0.0234375 0.06640625
2 0.2609375 0.9375 0.0578125 0.1203125
2 0.64453125 0.61875 0.0390625 0.11328125
2 0.5234375 0.415625 0.02265625 0.0625
2 0.40390625 0.43671875 0.0203125 0.06875
2 0.7671875 0.91796875 0.08359375 0.16015625
2 0.1640625 0.3765625 0.0171875 0.0640625
2 0.459375 0.38125 0.01640625 0.06015625
2 0.23671875 0.365625 0.01640625 0.05078125
2 0.4328125 0.4546875 0.025 0.0734375
2 0.34921875 0.35546875 0.01640625 0.053125
2 0.96171875 0.85703125 0.0734375 0.14921875
2 0.45078125 0.534375 0.02890625 0.0640625
2 0.9828125 0.96875 0.0328125 0.0578125
2 0.4609375 0.64296875 0.0390625 0.10859375
2 0.64140625 0.5125 0.0296875 0.0734375
2 0.39921875 0.38125 0.01875 0.05078125
2 0.64140625 0.8375 0.0625 0.18203125
2 0.4328125 0.3875 0.0171875 0.046875
2 0.5359375 0.37421875 0.01484375 0.05078125
2 0.33359375 0.31015625 0.01015625 0.0375
2 0.4234375 0.35859375 0.0140625 0.0421875
2 0.04609375 0.4078125 0.03984375 0.05078125
2 0.37421875 0.34140625 0.01640625 0.05078125
2 0.071875 0.396875 0.0359375 0.05078125
2 0.50234375 0.3578125 0.01484375 0.03984375
2 0.4703125 0.25234375 0.00625 0.0203125
2 0.48203125 0.3125 0.01875 0.03359375
2 0.440625 0.33359375 0.0140625 0.03984375
2 0.70390625 0.5234375 0.0328125 0.06875
2 0.21328125 0.33671875 0.01640625 0.0375
2 0.56484375 0.49140625 0.0296875 0.053125
2 0.2421875 0.346875 0.02109375 0.053125
2 0.39609375 0.3390625 0.0171875 0.046875
1 0.1953125 0.396875 0.0578125 0.1046875