0 0.4859375 0.3625 0.12109375 0.221875
2 0.3078125 0.9265625 0.0640625 0.1421875
2 0.4203125 0.52421875 0.03125 0.0890625
2 0.14140625 0.5640625 0.0296875 0.09296875
2 0.3640625 0.32421875 0.0125 0.03984375
2 0.65703125 0.81796875 0.05859375 0.1734375
2 0.57578125 0.95859375 0.0765625 0.078125
2 0.553125 0.76640625 0.05859375 0.15546875
2 0.45703125 0.89453125 0.06875 0.1890625
2 0.8171875 0.7390625 0.07109375 0.153125
2 0.3625 0.46796875 0.02265625 0.0640625
2 0.95703125 0.95703125 0.08359375 0.08203125
2 0.17578125 0.3890625 0.01640625 0.04921875
2 0.8875 0.87109375 0.09765625 0.1734375
2 0.20859375 0.46015625 0.0203125 0.0578125
2 0.521875 0.53125 0.02890625 0.084375
2 0.15234375 0.484375 0.02265625 0.06640625
2 0.046875 0.4078125 0.04140625 0.05078125
2 0.7796875 0.94921875 0.0921875 0.09765625
2 0.2265625 0.4890625 0.0265625 0.0578125
2 0.07421875 0.396875 0.02890625 0.05078125
2 0.1828125 0.346875 0.0171875 0.03984375
1 0.2421875 0.5953125 0.1140625 0.16875