2 0.1953125 0.58203125 0.03125 0.10234375
2 0.26328125 0.684375 0.0390625 0.1203125
2 0.46796875 0.396875 0.01875 0.05546875
2 0.1796875 0.33359375 0.01640625 0.0359375
2 0.446875 0.33984375 0.0140625 0.04921875
2 0.20625 0.384375 0.01484375 0.04453125
2 0.2203125 0.3453125 0.0140625 0.0375
2 0.3953125 0.30703125 0.0125 0.03984375
2 0.3640625 0.30078125 0.01015625 0.0375
2 0.55859375 0.2609375 0.01484375 0.02421875
2 0.43125 0.32578125 0.0125 0.03359375
2 0.3796875 0.284375 0.0125 0.0359375
2 0.3390625 0.2796875 0.0109375 0.0359375
2 0.41171875 0.271875 0.0109375 0.03359375
2 0.44765625 0.30703125 0.0125 0.0359375
2 0.228125 0.446875 0.01640625 0.053125
1 0.19765625 0.4796875 0.07734375 0.15078125