2 0.2859375 0.85546875 0.0578125 0.178125
2 0.42109375 0.61640625 0.0328125 0.1046875
2 0.6578125 0.853125 0.06484375 0.15078125
2 0.5015625 0.63359375 0.0375 0.115625
2 0.48203125 0.9421875 0.05625 0.1109375
2 0.2546875 0.55859375 0.0375 0.08671875
2 0.1734375 0.3796875 0.01640625 0.04921875
2 0.20703125 0.44296875 0.01875 0.0640625
2 0.465625 0.53125 0.0265625 0.084375
2 0.40546875 0.42421875 0.02109375 0.06640625
2 0.37734375 0.43671875 0.02265625 0.0734375
2 0.565625 0.2578125 0.0140625 0.0265625
2 0.33828125 0.27890625 0.0109375 0.0375
2 0.56328125 0.55703125 0.03359375 0.1
2 0.53515625 0.25703125 0.0125 0.02421875
2 0.946875 0.92421875 0.10390625 0.146875
2 0.4921875 0.446875 0.0203125 0.06640625
2 0.1921875 0.41328125 0.01484375 0.053125
2 0.2078125 0.36796875 0.01484375 0.046875
2 0.353125 0.3765625 0.01640625 0.046875
2 0.66484375 0.61875 0.03984375 0.1
2 0.53828125 0.50546875 0.02890625 0.08203125
2 0.4421875 0.9546875 0.025 0.08671875
2 0.44375 0.48125 0.02265625 0.08203125
2 0.47109375 0.40703125 0.0171875 0.0625
2 0.47578125 0.2453125 0.00859375 0.02890625
2 0.475 0.47109375 0.0203125 0.07109375
2 0.66875 0.70234375 0.0546875 0.084375
1 0.6515625 0.49765625 0.1 0.12890625
1 0.49453125 0.315625 0.0484375 0.0796875
1 0.5296875 0.38984375 0.06484375 0.1046875