0 0.49296875 0.328125 0.09609375 0.17578125
0 0.39921875 0.3125 0.0640625 0.1265625
2 0.3453125 0.8390625 0.0484375 0.16640625
2 0.2640625 0.678125 0.04375 0.12890625
2 0.40859375 0.48125 0.025 0.08203125
2 0.4453125 0.63671875 0.03515625 0.11328125
2 0.3375 0.2609375 0.0078125 0.02890625
2 0.3546875 0.34453125 0.0125 0.04453125
2 0.35234375 0.2609375 0.0078125 0.02890625
2 0.346875 0.3546875 0.0109375 0.0421875
2 0.46171875 0.5453125 0.02890625 0.0953125
2 0.45234375 0.96875 0.0671875 0.0578125
2 0.321875 0.37421875 0.01640625 0.046875
2 0.14453125 0.32578125 0.01640625 0.03359375
2 0.44140625 0.30703125 0.01015625 0.03125
2 0.3703125 0.25 0.00625 0.02421875
1 0.66796875 0.69921875 0.16875 0.2421875
1 0.84765625 0.67578125 0.2125 0.2796875
1 0.6703125 0.49296875 0.11875 0.16015625