2 0.19921875 0.5 0.0265625 0.084375
2 0.2390625 0.4390625 0.025 0.0640625
2 0.3046875 0.5234375 0.04765625 0.08203125
2 0.74140625 0.7703125 0.0671875 0.153125
2 0.396875 0.58125 0.0265625 0.1
2 0.53828125 0.86640625 0.05390625 0.16015625
2 0.6296875 0.68125 0.04609375 0.08671875
2 0.50390625 0.65703125 0.03984375 0.11796875
2 0.4296875 0.62421875 0.03359375 0.10703125
2 0.38984375 0.7109375 0.05234375 0.1375
2 0.73046875 0.94453125 0.09140625 0.10703125
2 0.61796875 0.93203125 0.07109375 0.13125
2 0.6515625 0.8203125 0.06015625 0.16875
2 0.56328125 0.7625 0.0390625 0.16015625
2 0.1765625 0.334375 0.01484375 0.0375
2 0.84609375 0.928125 0.1125 0.13984375
2 0.04609375 0.4078125 0.03984375 0.05078125
2 0.5390625 0.6078125 0.0375 0.1046875
2 0.46953125 0.35546875 0.01640625 0.053125
2 0.465625 0.5609375 0.03125 0.0953125
2 0.34296875 0.33671875 0.0140625 0.0421875
2 0.071875 0.4 0.0359375 0.03984375
2 0.3578125 0.5625 0.0296875 0.09296875
2 0.35078125 0.396875 0.01640625 0.05546875
2 0.3625 0.47109375 0.02265625 0.0625
2 0.5578125 0.40859375 0.02265625 0.04453125
2 0.49765625 0.45234375 0.0203125 0.0640625
2 0.4484375 0.50859375 0.02265625 0.0625
2 0.51796875 0.5390625 0.02890625 0.06875
2 0.40234375 0.47578125 0.02265625 0.0625
2 0.8546875 0.85 0.07734375 0.10859375
1 0.86484375 0.65859375 0.21015625 0.26875
1 0.3765625 0.8390625 0.21484375 0.31796875
1 0.6359375 0.4734375 0.0984375 0.1203125