2 0.37421875 0.77890625 0.0515625 0.16640625
2 0.2 0.51875 0.025 0.078125
2 0.44921875 0.65078125 0.04140625 0.1203125
2 0.4453125 0.90703125 0.0640625 0.16875
2 0.55625 0.65703125 0.04765625 0.121875
2 0.38828125 0.571875 0.02890625 0.08671875
2 0.3578125 0.4421875 0.02265625 0.0578125
2 0.6078125 0.87890625 0.06015625 0.1796875
2 0.6 0.565625 0.0375 0.1046875
2 0.22109375 0.4046875 0.02265625 0.0578125
2 0.4265625 0.41640625 0.0203125 0.0640625
2 0.5109375 0.80703125 0.0484375 0.15078125
2 0.56328125 0.98203125 0.0609375 0.03125
2 0.38125 0.40234375 0.0171875 0.053125
2 0.5609375 0.4859375 0.0265625 0.08203125
2 0.46875 0.4359375 0.0171875 0.0625
2 0.37890625 0.25859375 0.0078125 0.02890625
2 0.74609375 0.9390625 0.08515625 0.11796875
2 0.16796875 0.39765625 0.01640625 0.0578125
2 0.44453125 0.50859375 0.0265625 0.0796875
2 0.3953125 0.4359375 0.02265625 0.07109375
2 0.57890625 0.46328125 0.0203125 0.06875
2 0.41640625 0.37578125 0.0171875 0.04921875
2 0.45703125 0.471875 0.01640625 0.06875
2 0.5390625 0.5609375 0.0328125 0.08203125
2 0.6671875 0.9640625 0.07890625 0.06640625
1 0.49921875 0.33984375 0.0484375 0.0625
1 0.8984375 0.7859375 0.2015625 0.37578125
1 0.45 0.27109375 0.0296875 0.04453125