0 0.4359375 0.30078125 0.0765625 0.14453125
2 0.3890625 0.553125 0.0265625 0.084375
2 0.23671875 0.3859375 0.01640625 0.046875
2 0.59765625 0.915625 0.0625 0.1640625
2 0.7609375 0.8546875 0.08125 0.1796875
2 0.5015625 0.7421875 0.0484375 0.15078125
2 0.4328125 0.65546875 0.0375 0.115625
2 0.37109375 0.371875 0.0171875 0.05078125
2 0.4078125 0.91796875 0.0734375 0.16015625
2 0.45703125 0.45546875 0.0234375 0.07578125
2 0.4015625 0.3703125 0.01640625 0.046875
2 0.63828125 0.59921875 0.0484375 0.10859375
2 0.51953125 0.58125 0.0359375 0.1046875
2 0.4171875 0.46796875 0.02734375 0.078125
2 0.17734375 0.5140625 0.02734375 0.0953125
2 0.6765625 0.8359375 0.0703125 0.18203125
2 0.2109375 0.365625 0.01484375 0.0421875
2 0.67421875 0.69140625 0.05859375 0.1109375
2 0.40703125 0.78203125 0.0484375 0.09765625
2 0.35234375 0.3578125 0.01484375 0.03984375
2 0.2421875 0.5953125 0.0328125 0.10234375
2 0.5703125 0.68359375 0.03984375 0.11796875
2 0.50390625 0.49765625 0.0296875 0.06640625
2 0.5953125 0.6203125 0.02890625 0.115625
2 0.15859375 0.4234375 0.0171875 0.05546875
2 0.50859375 0.415625 0.0296875 0.07109375
2 0.484375 0.63203125 0.0359375 0.0953125
2 0.36015625 0.284375 0.0078125 0.0265625
2 0.046875 0.4078125 0.04140625 0.05078125
2 0.553125 0.47890625 0.03125 0.0734375
2 0.171875 0.37421875 0.01640625 0.05546875
2 0.2828125 0.68203125 0.0390625 0.115625
2 0.2671875 0.55078125 0.02734375 0.07578125
2 0.0734375 0.3953125 0.0328125 0.053125
2 0.69921875 0.9734375 0.0859375 0.04921875
2 0.1640625 0.334375 0.0140625 0.03359375
2 0.5546875 0.5546875 0.03515625 0.08203125
2 0.55 0.434375 0.025 0.046875
1 0.65546875 0.47109375 0.10625 0.146875
1 0.4828125 0.3078125 0.0265625 0.06015625