2 0.23046875 0.61796875 0.0359375 0.1109375
2 0.39140625 0.7390625 0.03984375 0.13125
2 0.478125 0.753125 0.0484375 0.16015625
2 0.43828125 0.62109375 0.0359375 0.1
2 0.48984375 0.54296875 0.03515625 0.0953125
2 0.6984375 0.93125 0.0640625 0.13359375
2 0.51875 0.67578125 0.0375 0.13359375
2 0.1578125 0.50078125 0.025 0.078125
2 0.20625 0.3640625 0.0171875 0.04921875
2 0.61875 0.721875 0.05234375 0.1421875
2 0.18671875 0.33671875 0.0140625 0.0375
2 0.9765625 0.971875 0.0453125 0.05078125
2 0.39296875 0.31875 0.0109375 0.0375
2 0.6640625 0.92109375 0.03125 0.14921875
2 0.60078125 0.58125 0.03359375 0.0734375
1 0.6109375 0.45546875 0.08984375 0.10703125
1 0.49609375 0.31640625 0.0453125 0.06875