2 0.5625 0.803125 0.05234375 0.13984375
2 0.42890625 0.865625 0.06484375 0.1796875
2 0.22890625 0.95859375 0.08984375 0.078125
2 0.2796875 0.58203125 0.03984375 0.09765625
2 0.40078125 0.3375 0.01640625 0.0578125
2 0.37265625 0.4703125 0.0203125 0.06875
2 0.50078125 0.4625 0.0265625 0.0796875
2 0.34609375 0.38359375 0.01484375 0.05078125
2 0.15625 0.3265625 0.0171875 0.0359375
2 0.04609375 0.4078125 0.03984375 0.05078125
2 0.7078125 0.971875 0.09609375 0.05078125
2 0.07109375 0.40078125 0.0375 0.0375
2 0.121875 0.3203125 0.02109375 0.0359375
2 0.1984375 0.42578125 0.02109375 0.0640625
2 0.32265625 0.25078125 0.01015625 0.03984375
1 0.025 0.56875 0.05 0.146875