0 0.1953125 0.253125 0.0703125 0.07578125
2 0.5140625 0.93359375 0.0703125 0.12890625
2 0.275 0.93671875 0.06484375 0.121875
2 0.4671875 0.58359375 0.03359375 0.1046875
2 0.31953125 0.7046875 0.0484375 0.1421875
2 0.26796875 0.5953125 0.03359375 0.10234375
2 0.16953125 0.6421875 0.0359375 0.1109375
2 0.21875 0.51796875 0.02734375 0.07578125
2 0.3140625 0.4875 0.03984375 0.06875
2 0.5546875 0.678125 0.05 0.1203125
2 0.609375 0.5953125 0.0390625 0.1109375
2 0.63515625 0.465625 0.02734375 0.06875
2 0.5984375 0.45 0.02109375 0.06875
2 0.3859375 0.4125 0.0234375 0.06015625
2 0.42265625 0.46875 0.02265625 0.07109375
2 0.63671875 0.971875 0.07890625 0.05078125
2 0.56640625 0.26640625 0.0171875 0.03125
2 0.36953125 0.3234375 0.0140625 0.0421875
2 0.178125 0.3703125 0.0140625 0.0421875
2 0.69609375 0.54140625 0.03515625 0.0640625
2 0.490625 0.35546875 0.01640625 0.0625
2 0.5765625 0.59296875 0.0265625 0.115625
2 0.3484375 0.3109375 0.01015625 0.03125
2 0.14609375 0.32890625 0.01484375 0.0359375
2 0.45625 0.3625 0.01484375 0.04921875
2 0.3265625 0.328125 0.0140625 0.046875
2 0.20625 0.3875 0.01484375 0.0421875
2 0.421875 0.365625 0.0109375 0.046875
2 0.2125 0.40234375 0.025 0.03984375
2 0.1890625 0.3453125 0.0125 0.0375
2 0.4328125 0.421875 0.0171875 0.0578125
2 0.4484375 0.246875 0.00625 0.0265625
2 0.58515625 0.39296875 0.01484375 0.04453125
2 0.08828125 0.3609375 0.0140625 0.05546875
2 0.4109375 0.384375 0.01640625 0.0625
2 0.62734375 0.828125 0.0578125 0.153125
3 0.54296875 0.434375 0.1015625 0.184375
1 0.76015625 0.73984375 0.2203125 0.3421875