0 0.23515625 0.23671875 0.02734375 0.05078125
2 0.2828125 0.86875 0.05625 0.18203125
2 0.6015625 0.9109375 0.09609375 0.1734375
2 0.4 0.253125 0.01015625 0.0359375
2 0.52578125 0.271875 0.01875 0.02890625
2 0.0453125 0.40703125 0.04140625 0.053125
2 0.3421875 0.27421875 0.01015625 0.03359375
2 0.17890625 0.3609375 0.01484375 0.0421875
2 0.07265625 0.39765625 0.03515625 0.04453125
2 0.58046875 0.25546875 0.01640625 0.021875
2 0.1921875 0.3453125 0.01015625 0.0375
1 0.00546875 0.603125 0.0109375 0.0953125