2 0.1796875 0.65078125 0.0375 0.1109375
2 0.57890625 0.7421875 0.05234375 0.146875
2 0.39453125 0.63359375 0.04140625 0.115625
2 0.30546875 0.5234375 0.04609375 0.08203125
2 0.7328125 0.9 0.07734375 0.18671875
2 0.4484375 0.715625 0.0421875 0.12890625
2 0.50234375 0.69453125 0.04765625 0.1359375
2 0.7046875 0.66875 0.05 0.12421875
2 0.3328125 0.696875 0.04375 0.13984375
2 0.51796875 0.5203125 0.03125 0.09296875
2 0.65859375 0.72578125 0.0578125 0.13984375
2 0.4265625 0.4859375 0.0265625 0.08203125
2 0.9578125 0.9359375 0.08125 0.12421875
2 0.58125 0.53203125 0.0328125 0.09140625
2 0.6765625 0.928125 0.08515625 0.13984375
2 0.38203125 0.4546875 0.0265625 0.078125
2 0.5453125 0.4109375 0.0203125 0.0578125
2 0.4703125 0.6140625 0.0296875 0.1
2 0.3421875 0.38359375 0.0171875 0.05078125
2 0.6359375 0.63671875 0.0453125 0.0953125
2 0.0453125 0.4078125 0.0390625 0.05078125
2 0.54765625 0.63203125 0.0453125 0.11796875
2 0.4984375 0.25078125 0.0109375 0.0265625
2 0.17734375 0.3625 0.01484375 0.04453125
2 0.07109375 0.3953125 0.0375 0.053125
2 0.475 0.528125 0.025 0.0640625
2 0.52890625 0.4453125 0.0171875 0.06015625
2 0.37421875 0.91875 0.06875 0.1578125
2 0.4390625 0.403125 0.01640625 0.05546875
2 0.3921875 0.41875 0.01484375 0.05078125
2 0.41875 0.40546875 0.0203125 0.05546875
3 0.62578125 0.4375 0.1109375 0.178125
1 0.22734375 0.3640625 0.0453125 0.07109375