2 0.2421875 0.3796875 0.0171875 0.03984375
2 0.2015625 0.46015625 0.02109375 0.06640625
2 0.21953125 0.396875 0.01640625 0.05078125
2 0.36015625 0.61875 0.02734375 0.0953125
2 0.0453125 0.40703125 0.0390625 0.053125
2 0.3421875 0.48984375 0.0328125 0.08671875
2 0.1890625 0.41640625 0.01875 0.05078125
2 0.18125 0.30546875 0.02734375 0.02890625
2 0.19765625 0.29765625 0.0203125 0.0265625
2 0.33671875 0.2921875 0.0234375 0.02890625
2 0.21796875 0.36015625 0.0140625 0.0359375
2 0.18125 0.396875 0.0125 0.0421875