0 0.3875 0.23203125 0.03515625 0.0640625
2 0.840625 0.75 0.07109375 0.14921875
2 0.5640625 0.85703125 0.05625 0.17109375
2 0.6171875 0.7859375 0.05390625 0.1625
2 0.50078125 0.69921875 0.04140625 0.1359375
2 0.11796875 0.4421875 0.01875 0.0578125
2 0.6359375 0.58125 0.0375 0.0953125
2 0.72890625 0.8453125 0.0703125 0.1625
2 0.39609375 0.48359375 0.02734375 0.08671875
2 0.428125 0.62890625 0.0359375 0.115625
2 0.35703125 0.54921875 0.02890625 0.09296875
2 0.5421875 0.59140625 0.0359375 0.10703125
2 0.54609375 0.43359375 0.0203125 0.06640625
2 0.57265625 0.5421875 0.02734375 0.084375
2 0.6046875 0.646875 0.04609375 0.0796875
2 0.44921875 0.584375 0.03125 0.10234375
2 0.5046875 0.384375 0.0171875 0.053125
2 0.49765625 0.5875 0.0328125 0.05546875
2 0.3453125 0.32578125 0.0140625 0.0421875
2 0.18125 0.33671875 0.025 0.046875
2 0.04609375 0.4078125 0.0375 0.05078125
2 0.4734375 0.38671875 0.0171875 0.04921875
2 0.3734375 0.37109375 0.02109375 0.06640625
2 0.590625 0.50703125 0.0234375 0.084375
2 0.47578125 0.471875 0.0234375 0.08203125
2 0.0734375 0.39453125 0.03359375 0.05546875
2 0.75390625 0.7125 0.03515625 0.1
2 0.39765625 0.35078125 0.01484375 0.0578125
2 0.41953125 0.45859375 0.02109375 0.0640625
2 0.9578125 0.9703125 0.0828125 0.05546875
2 0.4140625 0.37421875 0.01484375 0.05078125
2 0.5234375 0.5296875 0.02265625 0.0734375
2 0.33125 0.303125 0.0125 0.0375
2 0.73359375 0.7140625 0.075 0.11328125
2 0.4484375 0.3953125 0.0171875 0.0625
2 0.4359375 0.4265625 0.0171875 0.0578125
1 0.184375 0.415625 0.05859375 0.0890625
1 0.7484375 0.56875 0.13359375 0.16015625