0 0.7703125 0.7078125 0.40234375 0.5796875
0 0.3859375 0.2390625 0.03515625 0.0734375
2 0.26796875 0.65703125 0.0390625 0.11328125
2 0.48984375 0.95 0.0671875 0.0953125
2 0.3171875 0.65546875 0.03984375 0.12421875
2 0.42734375 0.73125 0.0453125 0.1375
2 0.48515625 0.60078125 0.03515625 0.11328125
2 0.53515625 0.59140625 0.0375 0.1109375
2 0.6203125 0.9359375 0.06875 0.12421875
2 0.4453125 0.51875 0.025 0.0953125
2 0.40234375 0.321875 0.01484375 0.04453125
2 0.49140625 0.26015625 0.0171875 0.0265625
2 0.41953125 0.3109375 0.0109375 0.0359375
2 0.390625 0.53671875 0.03125 0.1
2 0.584375 0.8078125 0.05859375 0.11796875
2 0.1234375 0.74296875 0.0484375 0.14453125
2 0.4328125 0.603125 0.03515625 0.08671875
2 0.3578125 0.3578125 0.01484375 0.04453125
2 0.34140625 0.3359375 0.0125 0.03984375
2 0.39296875 0.30234375 0.00859375 0.03125
2 0.40234375 0.46640625 0.0203125 0.0578125
2 0.5140625 0.48671875 0.02734375 0.0796875
2 0.4421875 0.446875 0.02265625 0.04921875
2 0.1609375 0.33125 0.01484375 0.03984375
2 0.3390625 0.25546875 0.00859375 0.021875
2 0.46875 0.2609375 0.0078125 0.02890625
1 0.55390625 0.384375 0.0625 0.0796875
1 0.4609375 0.35546875 0.05390625 0.09296875