0 0.9375 0.7609375 0.12265625 0.31796875
2 0.3890625 0.75859375 0.05234375 0.14921875
2 0.1390625 0.47109375 0.025 0.07578125
2 0.41640625 0.40859375 0.0203125 0.0625
2 0.28984375 0.61328125 0.03984375 0.1109375
2 0.44609375 0.6546875 0.03984375 0.121875
2 0.5140625 0.67578125 0.04375 0.12890625
2 0.66640625 0.8546875 0.06484375 0.1796875
2 0.3890625 0.96015625 0.06640625 0.07578125
2 0.57265625 0.57578125 0.0375 0.10234375
2 0.1796875 0.378125 0.0203125 0.053125
2 0.45703125 0.4890625 0.0265625 0.0796875
2 0.44765625 0.378125 0.0171875 0.04921875
2 0.6671875 0.65 0.05390625 0.11796875
2 0.07421875 0.39296875 0.02109375 0.053125
2 0.22578125 0.3890625 0.01875 0.053125
2 0.3859375 0.3890625 0.01484375 0.053125
2 0.4921875 0.39921875 0.01484375 0.046875
2 0.3640625 0.40546875 0.0171875 0.05546875
2 0.51484375 0.4640625 0.02265625 0.06640625
2 0.20390625 0.4140625 0.0203125 0.03359375
2 0.48203125 0.4625 0.0234375 0.07578125
2 0.575 0.4734375 0.02734375 0.07109375
2 0.43984375 0.34453125 0.0171875 0.03984375
2 0.4671875 0.3375 0.01484375 0.04921875
2 0.16796875 0.32890625 0.0140625 0.0359375
2 0.5609375 0.415625 0.0203125 0.053125
2 0.73984375 0.978125 0.0828125 0.03984375
2 0.6453125 0.565625 0.04140625 0.08671875
2 0.5828125 0.8640625 0.06875 0.12421875
1 0.1984375 0.48671875 0.07109375 0.1203125
1 0.528125 0.35234375 0.0515625 0.06875