0 0.4046875 0.26875 0.0515625 0.09296875
2 0.4296875 0.39453125 0.01484375 0.05078125
2 0.74765625 0.96796875 0.09765625 0.06015625
2 0.46953125 0.95078125 0.0765625 0.09296875
2 0.47421875 0.52578125 0.02890625 0.08203125
2 0.4125 0.55546875 0.0328125 0.084375
2 0.5890625 0.95546875 0.0875 0.084375
2 0.55234375 0.2578125 0.01484375 0.0265625
2 0.36796875 0.41015625 0.01875 0.06015625
2 0.1921875 0.35703125 0.01484375 0.05078125
2 0.34921875 0.29140625 0.0109375 0.0359375
2 0.1578125 0.36640625 0.0171875 0.0625
2 0.39921875 0.40078125 0.01640625 0.05546875
2 0.36796875 0.35234375 0.01640625 0.0421875
2 0.39375 0.47890625 0.02734375 0.0734375
2 0.47734375 0.4421875 0.0203125 0.04453125
2 0.571875 0.43203125 0.0234375 0.02421875
2 0.38515625 0.3734375 0.01484375 0.053125
1 0.240625 0.5859375 0.11875 0.17109375
1 0.86484375 0.696875 0.20234375 0.22421875
1 0.8953125 0.89140625 0.2078125 0.21328125
1 0.1859375 0.4390625 0.0640625 0.1046875
1 0.5953125 0.54296875 0.12734375 0.20703125
1 0.49921875 0.3265625 0.0515625 0.084375