2 0.51875 0.91640625 0.0828125 0.1625
2 0.1453125 0.62421875 0.0515625 0.1109375
2 0.228125 0.53359375 0.03125 0.0796875
2 0.4296875 0.2765625 0.02265625 0.02421875
2 0.55546875 0.28125 0.0234375 0.02890625
2 0.48359375 0.2765625 0.02265625 0.02890625
2 0.06015625 0.465625 0.0375 0.0734375
2 0.4015625 0.2859375 0.02734375 0.02890625
2 0.1265625 0.321875 0.01875 0.0359375
2 0.3765625 0.28125 0.025 0.03359375
2 0.46328125 0.271875 0.02109375 0.02421875
2 0.1734375 0.29921875 0.02734375 0.03359375
2 0.31484375 0.28671875 0.0125 0.03125
1 0.2078125 0.35859375 0.03984375 0.0640625