2 0.21484375 0.5703125 0.0328125 0.0953125
2 0.3828125 0.65546875 0.0375 0.1109375
2 0.6234375 0.928125 0.0703125 0.13984375
2 0.4921875 0.6046875 0.03359375 0.115625
2 0.425 0.5609375 0.0328125 0.1
2 0.4546875 0.66328125 0.0421875 0.1359375
2 0.575 0.64453125 0.0421875 0.12421875
2 0.47265625 0.50234375 0.0296875 0.084375
2 0.1515625 0.4796875 0.0234375 0.07109375
2 0.621875 0.7921875 0.0609375 0.11328125
2 0.8546875 0.8953125 0.0859375 0.1953125
2 0.93046875 0.8953125 0.1015625 0.1953125
2 0.78828125 0.95859375 0.0890625 0.078125
2 0.20625 0.35078125 0.0171875 0.04921875
2 0.3890625 0.3046875 0.0109375 0.0359375
2 0.56640625 0.528125 0.0328125 0.0734375
2 0.16875 0.32890625 0.0171875 0.0359375
1 0.5828125 0.428125 0.07890625 0.0953125
1 0.4859375 0.3078125 0.04140625 0.0640625