2 0.203125 0.515625 0.03125 0.0890625
2 0.4125 0.76796875 0.06484375 0.13984375
2 0.30546875 0.521875 0.04609375 0.084375
2 0.5984375 0.846875 0.07265625 0.178125
2 0.4859375 0.62421875 0.0328125 0.1109375
2 0.384375 0.5765625 0.03125 0.0953125
2 0.37421875 0.9578125 0.05859375 0.0796875
2 0.4515625 0.6796875 0.04140625 0.12890625
2 0.70234375 0.81640625 0.06484375 0.1578125
2 0.50859375 0.90859375 0.06484375 0.1734375
2 0.83515625 0.7953125 0.06484375 0.1203125
2 0.74453125 0.7640625 0.04609375 0.15078125
2 0.6328125 0.684375 0.04609375 0.1203125
2 0.5671875 0.7140625 0.05234375 0.11328125
2 0.5890625 0.5921875 0.0390625 0.1
2 0.37421875 0.4453125 0.02109375 0.0640625
2 0.4421875 0.41875 0.02265625 0.0640625
2 0.4140625 0.44140625 0.02265625 0.06875
2 0.4296875 0.5546875 0.0296875 0.08203125
2 0.45546875 0.5234375 0.0234375 0.08203125
2 0.046875 0.4078125 0.0390625 0.05078125
2 0.50625 0.5765625 0.02734375 0.08203125
2 0.34609375 0.3578125 0.0125 0.04453125
2 0.85703125 0.93671875 0.1140625 0.121875
2 0.53984375 0.53984375 0.0296875 0.0796875
2 0.07109375 0.39921875 0.0375 0.0421875
2 0.540625 0.63203125 0.0359375 0.09140625
2 0.728125 0.97890625 0.05625 0.0375
2 0.4671875 0.4859375 0.01875 0.06875
2 0.34140625 0.28359375 0.01015625 0.0375
2 0.3859375 0.3953125 0.0140625 0.04921875
2 0.6484375 0.58125 0.03125 0.078125
2 0.3921875 0.51015625 0.0265625 0.078125
1 0.94140625 0.828125 0.11484375 0.246875