0 0.1953125 0.25 0.07109375 0.06875
2 0.4203125 0.54765625 0.03125 0.09140625
2 0.58046875 0.72578125 0.0515625 0.1265625
2 0.5109375 0.8046875 0.0546875 0.1640625
2 0.484375 0.3375 0.0140625 0.04921875
2 0.48671875 0.5359375 0.03359375 0.084375
2 0.51953125 0.503125 0.02890625 0.08671875
2 0.6265625 0.865625 0.07109375 0.1890625
2 0.23203125 0.53359375 0.05390625 0.0796875
2 0.46953125 0.3125 0.0109375 0.03359375
2 0.421875 0.4140625 0.02109375 0.06875
2 0.3984375 0.4078125 0.0171875 0.08203125
2 0.65234375 0.9625 0.04765625 0.07109375
2 0.13671875 0.43984375 0.02109375 0.0578125
2 0.409375 0.3125 0.0109375 0.0375
2 0.4671875 0.453125 0.025 0.06640625
2 0.3734375 0.40546875 0.02109375 0.078125
2 0.4671875 0.26015625 0.0078125 0.0265625
2 0.453125 0.39921875 0.01875 0.06015625
2 0.32265625 0.346875 0.01484375 0.053125
2 0.396875 0.3203125 0.0140625 0.04453125
2 0.5078125 0.415625 0.02109375 0.04921875
2 0.4453125 0.36875 0.01640625 0.04921875
2 0.3578125 0.37890625 0.0171875 0.06015625
1 0.60625 0.5453125 0.1078125 0.153125
1 0.778125 0.78359375 0.2015625 0.29140625
1 0.80703125 0.61875 0.19609375 0.23359375
1 0.2140625 0.3359375 0.0453125 0.0578125