2 0.62578125 0.93125 0.06640625 0.13359375
2 0.725 0.878125 0.0796875 0.2
2 0.30703125 0.76640625 0.0515625 0.146875
2 0.4734375 0.78671875 0.05390625 0.1640625
2 0.5921875 0.69140625 0.04375 0.13359375
2 0.2078125 0.33671875 0.01484375 0.046875
2 0.43359375 0.63359375 0.0328125 0.10703125
2 0.5375 0.7140625 0.05 0.14921875
2 0.90703125 0.953125 0.1015625 0.0890625
2 0.37890625 0.634375 0.02734375 0.1
2 0.57421875 0.51640625 0.03125 0.0953125
2 0.3484375 0.44140625 0.0203125 0.0734375
2 0.1359375 0.4125 0.01875 0.05078125
2 0.4796875 0.61328125 0.03125 0.10234375
2 0.23125 0.36796875 0.0171875 0.046875
2 0.5078125 0.584375 0.0296875 0.09765625
2 0.525 0.534375 0.025 0.08203125
2 0.5609375 0.25703125 0.0140625 0.03359375
2 0.42890625 0.3625 0.01484375 0.04921875
2 0.4359375 0.49453125 0.025 0.078125
2 0.36640625 0.97109375 0.0875 0.053125
2 0.3859375 0.5203125 0.025 0.0796875
2 0.4046875 0.4921875 0.02109375 0.078125
1 0.6765625 0.49765625 0.1015625 0.13359375