2 0.2859375 0.74140625 0.04765625 0.153125
2 0.3640625 0.9546875 0.0703125 0.08671875
2 0.46875 0.90703125 0.0578125 0.16875
2 0.221875 0.5078125 0.03359375 0.08671875
2 0.26328125 0.54453125 0.03359375 0.084375
2 0.54609375 0.796875 0.05234375 0.153125
2 0.590625 0.7078125 0.0484375 0.13984375
2 0.7109375 0.7359375 0.05859375 0.15078125
2 0.4734375 0.70859375 0.0421875 0.10703125
2 0.85 0.97890625 0.0375 0.0375
2 0.065625 0.46328125 0.0265625 0.06875
2 0.5828125 0.60234375 0.0484375 0.0796875
2 0.571875 0.6046875 0.0265625 0.07109375
2 0.20234375 0.403125 0.0171875 0.05546875
2 0.6859375 0.6890625 0.01484375 0.12421875
1 0.8359375 0.6609375 0.20859375 0.278125