0 0.4171875 0.284375 0.0640625 0.12890625
2 0.45546875 0.63984375 0.04375 0.12421875
2 0.57421875 0.7 0.0484375 0.1421875
2 0.4734375 0.4953125 0.0234375 0.07578125
2 0.56640625 0.9359375 0.0671875 0.12421875
2 0.35 0.31796875 0.0125 0.04453125
2 0.4171875 0.4890625 0.0234375 0.0796875
2 0.12578125 0.40234375 0.02109375 0.0625
2 0.3984375 0.4390625 0.02109375 0.06875
2 0.1859375 0.403125 0.01875 0.05546875
2 0.4203125 0.40546875 0.0171875 0.06015625
2 0.67890625 0.9203125 0.0796875 0.15546875
2 0.3734375 0.484375 0.0234375 0.07578125
2 0.3703125 0.35 0.01640625 0.046875
2 0.39921875 0.3609375 0.01875 0.05546875
2 0.37265625 0.40546875 0.02265625 0.05546875
2 0.17109375 0.32890625 0.0125 0.053125
2 0.78984375 0.63984375 0.05234375 0.0625
1 0.2109375 0.52890625 0.0890625 0.1421875
1 0.82734375 0.8125 0.28515625 0.37109375
1 0.3390625 0.7546875 0.1765625 0.2734375
1 0.5453125 0.37109375 0.06875 0.10703125