2 0.7734375 0.76640625 0.06640625 0.16015625
2 0.6375 0.70078125 0.05 0.13984375
2 0.4390625 0.5078125 0.02734375 0.08671875
2 0.57421875 0.86796875 0.0609375 0.17578125
2 0.67421875 0.49921875 0.02890625 0.078125
2 0.084375 0.49453125 0.0234375 0.0734375
2 0.4984375 0.521875 0.0296875 0.0890625
2 0.53984375 0.49296875 0.0296875 0.084375
2 0.4171875 0.39296875 0.0203125 0.0625
2 0.37109375 0.4140625 0.0203125 0.06875
2 0.96171875 0.8921875 0.0734375 0.184375
2 0.19296875 0.43125 0.0234375 0.07109375
2 0.165625 0.33359375 0.0140625 0.0359375
2 0.49765625 0.39140625 0.0203125 0.0625
2 0.59140625 0.50546875 0.025 0.078125
2 0.51953125 0.3765625 0.01640625 0.05078125
2 0.46953125 0.40234375 0.01640625 0.053125
2 0.3984375 0.3453125 0.01640625 0.06015625
2 0.4578125 0.43671875 0.02265625 0.0640625
2 0.35390625 0.3359375 0.01484375 0.04453125
2 0.6140625 0.49296875 0.02734375 0.07109375
2 0.62890625 0.4703125 0.0203125 0.0640625
2 0.4390625 0.98359375 0.0765625 0.02890625
2 0.3671875 0.36796875 0.01484375 0.046875
2 0.184375 0.378125 0.01640625 0.04453125
2 0.05625 0.4296875 0.0203125 0.06875
2 0.00390625 0.5546875 0.0078125 0.0640625