0 0.19453125 0.25234375 0.07109375 0.0734375
2 0.4171875 0.77421875 0.04375 0.13125
2 0.78515625 0.73671875 0.0625 0.14453125
2 0.37421875 0.70234375 0.04140625 0.13359375
2 0.6640625 0.48203125 0.03125 0.10703125
2 0.334375 0.65546875 0.05390625 0.13359375
2 0.58125 0.84765625 0.0625 0.184375
2 0.6453125 0.78203125 0.05859375 0.15546875
2 0.58515625 0.4375 0.02734375 0.0890625
2 0.31484375 0.4875 0.03515625 0.0734375
2 0.45 0.453125 0.025 0.07578125
2 0.403125 0.45 0.02109375 0.06015625
2 0.52265625 0.984375 0.06484375 0.0265625
2 0.3640625 0.4609375 0.02265625 0.06875
2 0.18125 0.3390625 0.01484375 0.046875
2 0.665625 0.64765625 0.0390625 0.11796875
2 0.153125 0.321875 0.01640625 0.03984375
2 0.8453125 0.94453125 0.05390625 0.10703125
2 0.3921875 0.37421875 0.01484375 0.05078125
2 0.54453125 0.4125 0.02109375 0.05546875
2 0.82421875 0.93671875 0.09609375 0.121875
2 0.41953125 0.40859375 0.01875 0.0578125
2 0.5765625 0.63671875 0.0359375 0.0734375
2 0.4390625 0.38984375 0.0171875 0.046875
2 0.08046875 0.40234375 0.0390625 0.07109375
2 0.46171875 0.4234375 0.01640625 0.05078125
2 0.32265625 0.35 0.01484375 0.046875
2 0.8 0.93671875 0.04765625 0.121875
2 0.4296875 0.3359375 0.0140625 0.0359375
2 0.571875 0.71875 0.04609375 0.1
2 0.3796875 0.346875 0.0140625 0.03984375
2 0.334375 0.3125 0.01875 0.0421875
2 0.53046875 0.35859375 0.0140625 0.0375
2 0.5390625 0.37109375 0.0203125 0.0578125
2 0.4171875 0.3703125 0.01640625 0.0375
2 0.384375 0.4890625 0.0234375 0.06640625
2 0.4984375 0.32890625 0.0171875 0.03984375
2 0.5703125 0.7625 0.0515625 0.18203125
1 0.2046875 0.4046875 0.0546875 0.0890625
1 0.5234375 0.45234375 0.0765625 0.1046875