0 0.86015625 0.80703125 0.27734375 0.38203125
2 0.33984375 0.89765625 0.0578125 0.16875
2 0.615625 0.74296875 0.05625 0.1578125
2 0.4515625 0.796875 0.05625 0.16640625
2 0.540625 0.90546875 0.05859375 0.184375
2 0.190625 0.62890625 0.0359375 0.115625
2 0.2609375 0.57890625 0.03125 0.09140625
2 0.3921875 0.51640625 0.0265625 0.08671875
2 0.4609375 0.5921875 0.0375 0.10859375
2 0.5609375 0.59921875 0.03359375 0.1
2 0.215625 0.50078125 0.0265625 0.0734375
2 0.5140625 0.52578125 0.0296875 0.08671875
2 0.41484375 0.44765625 0.02265625 0.06875
2 0.375 0.365625 0.01484375 0.05078125
2 0.534375 0.728125 0.04609375 0.11328125
2 0.221875 0.3578125 0.0140625 0.03984375
2 0.1890625 0.34140625 0.0140625 0.0375
2 0.16171875 0.3265625 0.01640625 0.0359375
2 0.57890625 0.50859375 0.025 0.0796875
2 0.3546875 0.32421875 0.0140625 0.03984375
2 0.403125 0.36796875 0.0140625 0.05078125
2 0.44140625 0.41328125 0.0171875 0.0578125
2 0.67734375 0.98125 0.025 0.03359375
2 0.5296875 0.4453125 0.0171875 0.06015625
2 0.2109375 0.40234375 0.0203125 0.04921875
2 0.49921875 0.25703125 0.0140625 0.02421875
2 0.54921875 0.25703125 0.0140625 0.02890625
2 0.2 0.44765625 0.0171875 0.05546875
2 0.46171875 0.49765625 0.02890625 0.0625
2 0.465625 0.3390625 0.0140625 0.0421875
2 0.13203125 0.32421875 0.01640625 0.03125
2 0.41640625 0.32890625 0.0125 0.03984375
2 0.49609375 0.44921875 0.0203125 0.0578125
2 0.46171875 0.43203125 0.02109375 0.05546875
1 0.659375 0.4953125 0.1140625 0.15546875