2 0.1484375 0.4859375 0.0234375 0.0734375
2 0.0859375 0.5390625 0.0234375 0.078125
2 0.4921875 0.41796875 0.02265625 0.06640625
2 0.19140625 0.446875 0.0203125 0.0625
2 0.209375 0.3625 0.0140625 0.04453125
2 0.44921875 0.4203125 0.01875 0.0625
2 0.43203125 0.44921875 0.0234375 0.07109375
2 0.51328125 0.36015625 0.01640625 0.04453125
2 0.47734375 0.3703125 0.01484375 0.05078125
2 0.17421875 0.38671875 0.01640625 0.04921875
2 0.18984375 0.35546875 0.01484375 0.03984375
2 0.39140625 0.3359375 0.0125 0.03984375
2 0.4390625 0.3234375 0.0109375 0.0375
2 0.96640625 0.9640625 0.0375 0.06640625
2 0.4046875 0.31875 0.0140625 0.05078125
2 0.42578125 0.38203125 0.01875 0.04921875
2 0.35546875 0.32109375 0.01640625 0.05078125
2 0.071875 0.40078125 0.0359375 0.0375
2 0.04609375 0.40859375 0.0375 0.04921875
2 0.42265625 0.30703125 0.0125 0.03984375
2 0.3375 0.30703125 0.0125 0.04453125
2 0.01875 0.40859375 0.02265625 0.0578125
1 0.35078125 0.8421875 0.1859375 0.3109375
1 0.2546875 0.56328125 0.12890625 0.20703125