2 0.2859375 0.853125 0.05859375 0.178125
2 0.171875 0.628125 0.0359375 0.1046875
2 0.340625 0.65078125 0.04140625 0.1109375
2 0.1921875 0.49765625 0.02734375 0.07578125
2 0.1875 0.3453125 0.01484375 0.0375
2 0.471875 0.28203125 0.0234375 0.03125
2 0.5 0.2796875 0.0203125 0.0359375
2 0.0453125 0.4078125 0.04140625 0.05078125
2 0.5640625 0.278125 0.0203125 0.03125
2 0.325 0.2875 0.02734375 0.02890625
2 0.5296875 0.278125 0.02109375 0.0265625
2 0.13046875 0.31796875 0.0109375 0.03125
3 0.41328125 0.25078125 0.0734375 0.0625