0 0.1953125 0.25078125 0.0734375 0.07109375
2 0.5265625 0.7859375 0.05859375 0.1625
2 0.19140625 0.553125 0.06015625 0.084375
2 0.45703125 0.60859375 0.0390625 0.10703125
2 0.1390625 0.4578125 0.0265625 0.0625
2 0.41640625 0.94296875 0.0671875 0.10859375
2 0.434375 0.79296875 0.04609375 0.146875
2 0.4046875 0.4609375 0.0234375 0.06875
2 0.9578125 0.9625 0.0796875 0.07109375
2 0.615625 0.69296875 0.0515625 0.1109375
2 0.45390625 0.45078125 0.025 0.06640625
2 0.515625 0.6125 0.04140625 0.1046875
2 0.478125 0.4265625 0.02109375 0.06640625
2 0.4078125 0.36796875 0.01640625 0.05546875
2 0.696875 0.97421875 0.05859375 0.046875
2 0.578125 0.98203125 0.0265625 0.03125
2 0.5375 0.25859375 0.01484375 0.02421875
2 0.4625 0.3109375 0.0125 0.0359375
2 0.6390625 0.8734375 0.08359375 0.18671875
2 0.4890625 0.55 0.02890625 0.078125
2 0.3875 0.3625 0.01484375 0.0625
2 0.44453125 0.39140625 0.0234375 0.053125
2 0.3328125 0.30234375 0.01640625 0.03984375
2 0.32265625 0.34140625 0.01484375 0.06015625
2 0.3640625 0.3625 0.02109375 0.06640625
2 0.47578125 0.35703125 0.01640625 0.05078125
2 0.45703125 0.25 0.00625 0.02421875
2 0.48046875 0.328125 0.0140625 0.03359375
2 0.43515625 0.36015625 0.0171875 0.04453125
1 0.53984375 0.45078125 0.07734375 0.1109375
1 0.64296875 0.59140625 0.1234375 0.178125
1 0.19453125 0.32578125 0.0515625 0.05078125