0 0.371875 0.19765625 0.04375 0.0265625
2 0.340625 0.9140625 0.05625 0.16640625
2 0.228125 0.6640625 0.0390625 0.1203125
2 0.1890625 0.44296875 0.025 0.06875
2 0.4875 0.4453125 0.025 0.0734375
2 0.4828125 0.36796875 0.0140625 0.0421875
2 0.22265625 0.5265625 0.0296875 0.07578125
2 0.4046875 0.334375 0.01484375 0.05078125
2 0.1765625 0.36015625 0.01640625 0.053125
2 0.2625 0.56015625 0.0328125 0.09296875
2 0.4328125 0.32578125 0.0125 0.05078125
2 0.37421875 0.32109375 0.01875 0.0640625
2 0.4640625 0.3140625 0.0125 0.0375
2 0.33828125 0.2765625 0.0109375 0.03359375
2 0.37578125 0.33203125 0.0140625 0.0421875
2 0.2171875 0.43359375 0.02109375 0.0578125
2 0.44453125 0.31640625 0.0109375 0.0421875
2 0.0046875 0.55703125 0.00859375 0.06875