2 0.21875 0.6765625 0.03984375 0.1359375
2 0.29765625 0.64140625 0.03984375 0.121875
2 0.20078125 0.48125 0.0265625 0.08671875
2 0.16953125 0.33359375 0.0140625 0.0359375
2 0.36875 0.28671875 0.025 0.03125
2 0.2140625 0.38359375 0.0171875 0.046875
2 0.1953125 0.4109375 0.02109375 0.04921875
2 0.22265625 0.33984375 0.0125 0.03984375
2 0.50859375 0.28125 0.025 0.03359375
2 0.3203125 0.28671875 0.01640625 0.03125
2 0.21796875 0.3296875 0.0234375 0.06015625
2 0.0578125 0.4921875 0.02890625 0.06875
2 0.44453125 0.28203125 0.0234375 0.03125
2 0.21484375 0.31328125 0.0171875 0.0265625
2 0.00390625 0.55546875 0.0078125 0.06640625
1 0.58203125 0.265625 0.04609375 0.03359375