0 0.459375 0.33203125 0.08359375 0.14453125
0 0.3765625 0.221875 0.025 0.04921875
2 0.378125 0.81875 0.0484375 0.16640625
2 0.5046875 0.6421875 0.0421875 0.12421875
2 0.5421875 0.5421875 0.03125 0.09765625
2 0.0609375 0.49765625 0.0265625 0.07109375
2 0.20703125 0.41875 0.01875 0.05546875
2 0.44140625 0.66015625 0.03984375 0.13359375
2 0.5734375 0.84140625 0.04375 0.1578125
2 0.2234375 0.4796875 0.02265625 0.07109375
2 0.64609375 0.9125 0.05234375 0.17109375
2 0.565625 0.6859375 0.05859375 0.1046875
2 0.375 0.63125 0.03515625 0.10234375
2 0.528125 0.91640625 0.05859375 0.1625
2 0.434375 0.546875 0.02890625 0.07109375
2 0.4953125 0.44453125 0.0203125 0.0625
2 0.64296875 0.65234375 0.05390625 0.09140625
2 0.35390625 0.37109375 0.01484375 0.04921875
2 0.3984375 0.42421875 0.0171875 0.0625
2 0.4484375 0.44296875 0.02109375 0.06015625
2 0.66796875 0.79453125 0.0359375 0.1625
2 0.42109375 0.44921875 0.02265625 0.0625
2 0.371875 0.4203125 0.02109375 0.053125
2 0.36796875 0.32890625 0.0140625 0.04453125
2 0.4734375 0.25078125 0.01015625 0.021875
2 0.4140625 0.31015625 0.0109375 0.03359375
2 0.465625 0.4890625 0.02890625 0.07109375
2 0.396875 0.353125 0.0140625 0.03984375
2 0.3390625 0.3078125 0.0109375 0.02890625
2 0.48828125 0.565625 0.03125 0.0734375
2 0.37421875 0.54296875 0.03359375 0.078125
2 0.3796875 0.4890625 0.02734375 0.06640625
1 0.603125 0.42421875 0.07890625 0.1109375
1 0.6609375 0.5765625 0.1234375 0.17109375
1 0.8796875 0.884375 0.2375 0.2265625
1 0.9203125 0.75859375 0.15625 0.2734375
1 0.5109375 0.334375 0.02734375 0.06015625