2 0.11640625 0.81875 0.0578125 0.17109375
2 0.44921875 0.9625 0.0609375 0.07109375
2 0.45703125 0.6046875 0.0359375 0.1109375
2 0.40078125 0.6796875 0.04140625 0.12890625
2 0.1796875 0.57109375 0.02890625 0.09296875
2 0.56875 0.79453125 0.0578125 0.16640625
2 0.20078125 0.4859375 0.0265625 0.078125
2 0.66171875 0.728125 0.0515625 0.13984375
2 0.6984375 0.5625 0.03515625 0.09296875
2 0.60078125 0.64921875 0.04140625 0.115625
2 0.734375 0.87421875 0.07109375 0.17578125
2 0.5765625 0.97109375 0.0765625 0.053125
2 0.5078125 0.5140625 0.02890625 0.078125
2 0.40625 0.55546875 0.0296875 0.084375
2 0.7640625 0.63984375 0.0375 0.115625
2 0.55390625 0.65703125 0.0421875 0.08203125
2 0.103125 0.41640625 0.03125 0.0640625
2 0.3859375 0.44921875 0.02265625 0.07109375
2 0.4359375 0.46640625 0.0234375 0.07109375
2 0.2515625 0.546875 0.0328125 0.09296875
2 0.3671875 0.4078125 0.0171875 0.05546875
2 0.6234375 0.50078125 0.02265625 0.06015625
2 0.6671875 0.6 0.03359375 0.09765625
2 0.1984375 0.40703125 0.01640625 0.03984375
2 0.14296875 0.32421875 0.01640625 0.0359375
2 0.3515625 0.36796875 0.01484375 0.046875
2 0.4875 0.4640625 0.0203125 0.07109375
2 0.753125 0.76015625 0.0515625 0.1421875
2 0.57421875 0.515625 0.0265625 0.0796875
2 0.54921875 0.4640625 0.0265625 0.06640625
2 0.5453125 0.5453125 0.03125 0.0734375
2 0.49453125 0.37578125 0.01875 0.053125
2 0.4609375 0.4046875 0.0171875 0.0578125
2 0.33359375 0.3453125 0.01484375 0.05546875
2 0.4078125 0.4375 0.02265625 0.0625
2 0.5203125 0.43984375 0.0171875 0.0625
2 0.42109375 0.41875 0.01484375 0.05546875
2 0.4484375 0.4359375 0.0171875 0.0625
2 0.6171875 0.571875 0.0234375 0.08671875
2 0.5984375 0.46015625 0.0203125 0.053125
1 0.9234375 0.878125 0.15 0.23984375
1 0.2203125 0.36640625 0.04609375 0.07109375