2 0.21953125 0.7625 0.04609375 0.1421875
2 0.4203125 0.484375 0.02890625 0.07578125
2 0.23359375 0.3859375 0.0171875 0.05078125
2 0.41484375 0.9640625 0.0828125 0.06640625
2 0.65546875 0.48671875 0.03125 0.07578125
2 0.471875 0.45234375 0.02109375 0.0640625
2 0.146875 0.4921875 0.0234375 0.06875
2 0.17109375 0.41640625 0.0171875 0.06015625
2 0.38984375 0.37109375 0.0171875 0.053125
2 0.2109375 0.37578125 0.01640625 0.04453125
2 0.4328125 0.32890625 0.01640625 0.04921875
2 0.41953125 0.3421875 0.01640625 0.04921875
2 0.4453125 0.3 0.0109375 0.03125
2 0.19296875 0.39140625 0.01875 0.04921875
2 0.19296875 0.45546875 0.02890625 0.0578125
2 0.40234375 0.31328125 0.01015625 0.0359375
2 0.0453125 0.40859375 0.0390625 0.04921875
2 0.0703125 0.40234375 0.0390625 0.03984375
2 0.3328125 0.3046875 0.01640625 0.04453125
2 0.38359375 0.2734375 0.0078125 0.0265625
1 0.22265625 0.54140625 0.08515625 0.14453125
1 0.0328125 0.540625 0.065625 0.140625
1 0.49609375 0.33125 0.0453125 0.0578125
1 0.54609375 0.25546875 0.0375 0.03125