2 0.46171875 0.74921875 0.04375 0.146875
2 0.2703125 0.59765625 0.0359375 0.1109375
2 0.20078125 0.603125 0.03359375 0.0953125
2 0.8859375 0.94453125 0.10234375 0.10703125
2 0.3828125 0.678125 0.0375 0.115625
2 0.1984375 0.4046875 0.0203125 0.0625
2 0.4828125 0.57109375 0.03359375 0.09296875
2 0.43828125 0.59140625 0.0359375 0.10703125
2 0.64609375 0.5953125 0.03984375 0.10234375
2 0.353125 0.4234375 0.01875 0.05546875
2 0.1765625 0.3265625 0.01484375 0.03984375
2 0.62734375 0.7859375 0.0453125 0.1359375
2 0.7546875 0.69921875 0.05234375 0.1359375
2 0.68203125 0.9125 0.07890625 0.17109375
2 0.4015625 0.4375 0.02109375 0.06640625
2 0.5390625 0.62578125 0.04375 0.0734375
2 0.37734375 0.4546875 0.0203125 0.06015625
2 0.653125 0.4875 0.0390625 0.09140625
2 0.33671875 0.3359375 0.0109375 0.04921875
2 0.5953125 0.95546875 0.0953125 0.084375
2 0.45703125 0.44921875 0.01875 0.06640625
2 0.55 0.74453125 0.0578125 0.1109375
2 0.475 0.42578125 0.0203125 0.06015625
2 0.6171875 0.5359375 0.02890625 0.084375
2 0.70390625 0.81015625 0.06015625 0.16640625
2 0.49375 0.47109375 0.02265625 0.07109375
2 0.51328125 0.45703125 0.01875 0.06875
2 0.440625 0.4625 0.01875 0.06640625
2 0.378125 0.5546875 0.03125 0.0734375
2 0.7046875 0.6859375 0.06015625 0.11796875
2 0.14453125 0.321875 0.01640625 0.0359375
2 0.35 0.30859375 0.0125 0.03984375
2 0.88984375 0.85234375 0.0921875 0.1578125
2 0.56796875 0.54921875 0.03125 0.084375
2 0.4203125 0.50234375 0.025 0.07109375
2 0.59375 0.6046875 0.03984375 0.0796875
2 0.5609375 0.86875 0.07265625 0.1421875
2 0.60703125 0.68984375 0.0515625 0.11796875
1 0.3828125 0.92421875 0.2046875 0.146875