2 0.271875 0.803125 0.05390625 0.16640625
2 0.31015625 0.6421875 0.0453125 0.1109375
2 0.16015625 0.40234375 0.0171875 0.04921875
2 0.2140625 0.396875 0.0171875 0.046875
2 0.3390625 0.2859375 0.025 0.02890625
2 0.37109375 0.2703125 0.01015625 0.02421875
2 0.0578125 0.48984375 0.025 0.0640625
2 0.4203125 0.28359375 0.02734375 0.02890625
2 0.53515625 0.2796875 0.0203125 0.021875
2 0.56015625 0.278125 0.0203125 0.0265625
2 0.1453125 0.303125 0.0265625 0.02890625
1 0.19765625 0.5203125 0.0796875 0.1375