2 0.3390625 0.74140625 0.0453125 0.1578125
2 0.2546875 0.60234375 0.0359375 0.115625
2 0.3125 0.95 0.0453125 0.0953125
2 0.43203125 0.721875 0.04140625 0.12890625
2 0.4984375 0.6625 0.03515625 0.1203125
2 0.5984375 0.58359375 0.04140625 0.10859375
2 0.52578125 0.58671875 0.03359375 0.10703125
2 0.6296875 0.90703125 0.07890625 0.18203125
2 0.66875 0.7703125 0.0546875 0.14453125
2 0.209375 0.48203125 0.02890625 0.07578125
2 0.45 0.6140625 0.0328125 0.10859375
2 0.81640625 0.9125 0.09765625 0.17109375
2 0.20390625 0.37109375 0.01484375 0.03984375
2 0.8375 0.92421875 0.0546875 0.146875
2 0.06484375 0.46328125 0.02734375 0.06875
2 0.33359375 0.2890625 0.025 0.0359375
2 0.7203125 0.9765625 0.10234375 0.0421875
2 0.5140625 0.503125 0.0296875 0.0640625
2 0.19921875 0.44296875 0.02109375 0.0640625
1 0.73828125 0.5640625 0.15390625 0.21328125