0 0.8609375 0.7875 0.2765625 0.4203125
0 0.39140625 0.246875 0.03984375 0.084375
2 0.35390625 0.72578125 0.0421875 0.14453125
2 0.20234375 0.88125 0.06484375 0.184375
2 0.6515625 0.865625 0.07109375 0.184375
2 0.30703125 0.7875 0.04609375 0.13984375
2 0.60390625 0.6109375 0.04765625 0.1109375
2 0.534375 0.25859375 0.01875 0.03359375
2 0.57421875 0.81328125 0.05390625 0.18203125
2 0.4984375 0.66796875 0.0421875 0.1359375
2 0.3703125 0.39765625 0.01875 0.053125
2 0.4265625 0.6609375 0.0375 0.11796875
2 0.434375 0.33984375 0.0140625 0.04453125
2 0.39921875 0.32421875 0.0109375 0.0359375
2 0.40546875 0.53203125 0.0265625 0.08203125
2 0.51796875 0.89140625 0.05625 0.178125
2 0.4859375 0.54140625 0.0328125 0.078125
2 0.49921875 0.2546875 0.0109375 0.02890625
2 0.35 0.3625 0.01484375 0.053125
2 0.4453125 0.58359375 0.02734375 0.08203125
2 0.17265625 0.33671875 0.01484375 0.05078125
2 0.41328125 0.3609375 0.01640625 0.046875
2 0.3796875 0.34453125 0.0109375 0.0359375
2 0.3421875 0.25546875 0.00859375 0.03125
2 0.47890625 0.253125 0.01015625 0.021875
2 0.184375 0.33359375 0.0109375 0.0359375
2 0.45078125 0.553125 0.0265625 0.0578125
2 0.49375 0.91796875 0.06484375 0.16015625
1 0.190625 0.45 0.0609375 0.10859375
1 0.4859375 0.39296875 0.0671875 0.115625
1 0.61015625 0.4375 0.0828125 0.10234375
1 0.4640625 0.28984375 0.0390625 0.0640625