2 0.37578125 0.91015625 0.06640625 0.17578125
2 0.1953125 0.434375 0.0234375 0.0640625
2 0.46796875 0.91015625 0.0640625 0.17578125
2 0.30390625 0.61875 0.0375 0.11328125
2 0.51015625 0.67578125 0.04765625 0.12890625
2 0.42421875 0.571875 0.03125 0.0953125
2 0.58203125 0.8078125 0.05390625 0.14453125
2 0.69453125 0.7390625 0.04609375 0.14453125
2 0.64609375 0.55546875 0.0375 0.09765625
2 0.54296875 0.8734375 0.06640625 0.19140625
2 0.75625 0.915625 0.06015625 0.1640625
2 0.4015625 0.45234375 0.02109375 0.06875
2 0.6546875 0.8859375 0.06015625 0.14921875
2 0.35625 0.771875 0.0453125 0.121875
2 0.44609375 0.73359375 0.05 0.1109375
2 0.3765625 0.47890625 0.025 0.078125
2 0.41484375 0.35703125 0.01484375 0.046875
2 0.04609375 0.4078125 0.0375 0.05078125
2 0.94765625 0.83203125 0.0625 0.14453125
2 0.3515625 0.365625 0.0140625 0.0421875
2 0.6046875 0.59453125 0.0296875 0.09140625
2 0.7796875 0.8375 0.04375 0.16875
2 0.4984375 0.47109375 0.0234375 0.07109375
2 0.3734375 0.36796875 0.01640625 0.05546875
2 0.071875 0.4 0.0359375 0.03984375
2 0.56015625 0.54453125 0.0328125 0.09765625
2 0.58203125 0.6265625 0.0390625 0.10703125
2 0.39921875 0.38203125 0.01640625 0.04453125
2 0.46015625 0.4734375 0.02265625 0.0625
2 0.4359375 0.403125 0.0171875 0.05546875
2 0.47421875 0.52421875 0.0265625 0.0796875
2 0.4390625 0.5203125 0.0203125 0.0796875
2 0.89375 0.8375 0.0921875 0.12890625
2 0.42421875 0.4421875 0.01875 0.04453125
2 0.4953125 0.57421875 0.03359375 0.08203125
2 0.6453125 0.73984375 0.05859375 0.1203125
2 0.36796875 0.4375 0.0234375 0.07578125
2 0.8671875 0.8359375 0.0390625 0.12890625
2 0.53828125 0.47109375 0.01875 0.07109375
2 0.5203125 0.50234375 0.0296875 0.0796875
1 0.7953125 0.62578125 0.17734375 0.19765625