2 0.39296875 0.9296875 0.0765625 0.1359375
2 0.50859375 0.79140625 0.04765625 0.1375
2 0.18828125 0.43125 0.0234375 0.0578125
2 0.59921875 0.8140625 0.05859375 0.16640625
2 0.14609375 0.5359375 0.02734375 0.0796875
2 0.803125 0.69140625 0.05859375 0.13359375
2 0.69140625 0.684375 0.05234375 0.12890625
2 0.2953125 0.565625 0.03515625 0.08203125
2 0.596875 0.5453125 0.03359375 0.08671875
2 0.72734375 0.94453125 0.0921875 0.10703125
2 0.11640625 0.48125 0.02734375 0.078125
2 0.36875 0.76796875 0.0453125 0.13125
2 0.4375 0.60703125 0.0578125 0.12421875
2 0.23984375 0.51875 0.025 0.05078125
2 0.6296875 0.69140625 0.0515625 0.1375
2 0.1640625 0.33125 0.01640625 0.03125
2 0.3953125 0.45234375 0.02265625 0.0734375
2 0.55625 0.46875 0.025 0.07109375
2 0.3640625 0.3125 0.0109375 0.03359375
2 0.49765625 0.55 0.0328125 0.0953125
2 0.528125 0.5359375 0.03125 0.084375
2 0.3578125 0.565625 0.0359375 0.09140625
2 0.42421875 0.50078125 0.0265625 0.06875
2 0.37109375 0.6375 0.0375 0.09296875
2 0.046875 0.4078125 0.0390625 0.05078125
2 0.346875 0.41640625 0.01875 0.06015625
2 0.0734375 0.39453125 0.03359375 0.05546875
2 0.4734375 0.4875 0.0234375 0.0734375
2 0.3640625 0.40546875 0.0171875 0.06015625
2 0.33359375 0.28359375 0.0078125 0.02421875
2 0.3609375 0.49140625 0.0296875 0.053125
2 0.36875 0.22890625 0.0046875 0.021875
2 0.3515625 0.234375 0.00625 0.02421875
2 0.3484375 0.265625 0.00625 0.02421875
1 0.2375 0.6375 0.125 0.1953125
1 0.0328125 0.53828125 0.065625 0.1359375