2 0.1609375 0.671875 0.0375 0.121875
2 0.8078125 0.92109375 0.0890625 0.153125
2 0.5140625 0.778125 0.05 0.15078125
2 0.5609375 0.91640625 0.06484375 0.1625
2 0.42109375 0.784375 0.05 0.16015625
2 0.4796875 0.6109375 0.03984375 0.1109375
2 0.44453125 0.53984375 0.02890625 0.09296875
2 0.4046875 0.56875 0.02890625 0.09765625
2 0.56484375 0.71875 0.05234375 0.14453125
2 0.3078125 0.51015625 0.0515625 0.10859375
2 0.3453125 0.3921875 0.0171875 0.05546875
2 0.64765625 0.5859375 0.03984375 0.09140625
2 0.60703125 0.61328125 0.04375 0.1203125
2 0.1703125 0.328125 0.01640625 0.05078125
2 0.3875 0.49921875 0.025 0.06875
2 0.5140625 0.4796875 0.02734375 0.06640625
2 0.18359375 0.3859375 0.0203125 0.02421875
2 0.6875 0.86328125 0.07265625 0.17578125
2 0.5921875 0.52890625 0.0375 0.084375
2 0.53125 0.56796875 0.0296875 0.09140625
2 0.04609375 0.4078125 0.03984375 0.05078125
2 0.3796875 0.40078125 0.0171875 0.05078125
2 0.42265625 0.4953125 0.0203125 0.07109375
2 0.43984375 0.67421875 0.0296875 0.08203125
2 0.07109375 0.39765625 0.0375 0.04921875
2 0.55 0.515625 0.02265625 0.06640625
2 0.1859375 0.3234375 0.0171875 0.03359375
2 0.4828125 0.51875 0.0234375 0.06875
2 0.9578125 0.9296875 0.08125 0.1359375
2 0.5390625 0.54765625 0.0453125 0.13125
2 0.4671875 0.3765625 0.01484375 0.05546875
2 0.446875 0.37890625 0.0140625 0.05546875
2 0.4390625 0.43359375 0.02265625 0.0578125
2 0.6921875 0.63359375 0.0265625 0.07578125
2 0.6828125 0.70859375 0.0421875 0.0890625
2 0.67265625 0.93125 0.0703125 0.13359375
2 0.56015625 0.6234375 0.0453125 0.0734375
2 0.42421875 0.71015625 0.05859375 0.1578125
1 0.25234375 0.6953125 0.12734375 0.221875
1 0.8828125 0.7109375 0.19375 0.23984375
1 0.190625 0.46328125 0.07109375 0.13984375