0 0.2015625 0.2546875 0.0859375 0.078125
2 0.5109375 0.92421875 0.06875 0.146875
2 0.72109375 0.8625 0.075 0.18671875
2 0.3765625 0.521875 0.0234375 0.084375
2 0.6 0.64140625 0.03984375 0.121875
2 0.1546875 0.3953125 0.0171875 0.053125
2 0.3625 0.41015625 0.0203125 0.0640625
2 0.5296875 0.64296875 0.0390625 0.121875
2 0.490625 0.7140625 0.04140625 0.1359375
2 0.45078125 0.584375 0.02890625 0.09296875
2 0.18125 0.3421875 0.01484375 0.04453125
2 0.41796875 0.51640625 0.02890625 0.08671875
2 0.6984375 0.69765625 0.0609375 0.12421875
2 0.4578125 0.3796875 0.0203125 0.0578125
2 0.9234375 0.97421875 0.06875 0.046875
2 0.4703125 0.52578125 0.02890625 0.0953125
2 0.04609375 0.4078125 0.03984375 0.05078125
2 0.41015625 0.371875 0.0171875 0.05078125
2 0.34140625 0.3453125 0.02265625 0.05546875
2 0.37578125 0.3390625 0.0140625 0.0421875
2 0.58671875 0.55703125 0.03359375 0.078125
2 0.5296875 0.5453125 0.03359375 0.0640625
2 0.49609375 0.49140625 0.02265625 0.07109375
2 0.41640625 0.246875 0.0078125 0.021875
2 0.43046875 0.46796875 0.01640625 0.05546875
2 0.49921875 0.3890625 0.01640625 0.04453125
2 0.51640625 0.4640625 0.0171875 0.0625
2 0.56953125 0.49765625 0.03359375 0.07578125
2 0.08984375 0.3703125 0.0125 0.0375
2 0.3234375 0.40234375 0.01484375 0.053125
1 0.6484375 0.48125 0.11015625 0.153125
1 0.2171875 0.3640625 0.04765625 0.084375