0 0.48359375 0.30546875 0.04765625 0.0734375
2 0.24765625 0.7265625 0.0453125 0.1421875
2 0.66875 0.8640625 0.0703125 0.18203125
2 0.2359375 0.52421875 0.03515625 0.0796875
2 0.471875 0.55859375 0.03125 0.0953125
2 0.4078125 0.54921875 0.02890625 0.0890625
2 0.5328125 0.50078125 0.02890625 0.08671875
2 0.3984375 0.8453125 0.0609375 0.17578125
2 0.1734375 0.36796875 0.0125 0.0421875
2 0.590625 0.91796875 0.08125 0.16015625
2 0.19375 0.39765625 0.01484375 0.04921875
2 0.509375 0.46328125 0.0265625 0.078125
2 0.4265625 0.43984375 0.0203125 0.07109375
2 0.603125 0.62421875 0.0359375 0.115625
2 0.475 0.41328125 0.0171875 0.0625
2 0.5453125 0.2546875 0.0109375 0.02421875
2 0.37265625 0.4109375 0.02265625 0.06640625
2 0.21015625 0.42421875 0.0171875 0.0625
2 0.80546875 0.9234375 0.0890625 0.14921875
2 0.3984375 0.4 0.0203125 0.0578125
2 0.5796875 0.70859375 0.04609375 0.1203125
2 0.78203125 0.7390625 0.07109375 0.13125
2 0.35234375 0.36015625 0.01484375 0.04453125
2 0.5953125 0.52421875 0.03125 0.07109375
2 0.8390625 0.86875 0.04140625 0.1734375
2 0.48515625 0.9796875 0.07265625 0.0359375
2 0.459375 0.43671875 0.01640625 0.06015625
2 0.33671875 0.2765625 0.00859375 0.02890625
2 0.20625 0.3640625 0.0125 0.0359375
2 0.44609375 0.4796875 0.0203125 0.07578125
1 0.6140625 0.4578125 0.0859375 0.1109375