0 0.2234375 0.26640625 0.05234375 0.03984375
2 0.2625 0.7875 0.05 0.17109375
2 0.32890625 0.7 0.0453125 0.1375
2 0.2296875 0.353125 0.01484375 0.04453125
2 0.215625 0.53359375 0.03125 0.084375
2 0.36875 0.28671875 0.025 0.0265625
2 0.20078125 0.4453125 0.02109375 0.06015625
2 0.565625 0.278125 0.02109375 0.03125
2 0.4234375 0.284375 0.025 0.03125
2 0.21328125 0.4046875 0.01875 0.053125
2 0.178125 0.33984375 0.0140625 0.03984375
2 0.55390625 0.2765625 0.01484375 0.02421875
2 0.48984375 0.27890625 0.02265625 0.03359375
2 0.2109375 0.29765625 0.025 0.0265625
2 0.13515625 0.321875 0.0171875 0.03125