2 0.18671875 0.7375 0.04609375 0.1375
2 0.1921875 0.553125 0.03125 0.09296875
2 0.26015625 0.62421875 0.0375 0.1109375
2 0.3890625 0.7390625 0.0390625 0.1265625
2 0.79453125 0.94140625 0.09609375 0.11328125
2 0.2234375 0.346875 0.01484375 0.03984375
2 0.5859375 0.95234375 0.07890625 0.09140625
2 0.45625 0.76328125 0.04765625 0.14921875
2 0.540625 0.50546875 0.02890625 0.08203125
2 0.61953125 0.75078125 0.0515625 0.12421875
2 0.6796875 0.5921875 0.05 0.078125
2 0.3515625 0.5578125 0.03359375 0.09765625
2 0.41484375 0.328125 0.01484375 0.05546875
2 0.3484375 0.43203125 0.02265625 0.06875
2 0.50703125 0.5421875 0.03125 0.09765625
2 0.1875 0.334375 0.0171875 0.05546875
2 0.49375 0.69296875 0.0421875 0.12890625
2 0.4078125 0.6375 0.0265625 0.1109375
2 0.5796875 0.6390625 0.0359375 0.1046875
2 0.6734375 0.92578125 0.0671875 0.14453125
2 0.4671875 0.35078125 0.01640625 0.053125
2 0.3734375 0.4796875 0.02265625 0.07578125
2 0.371875 0.3390625 0.0140625 0.0421875
2 0.34453125 0.34296875 0.0140625 0.0421875
2 0.503125 0.90546875 0.05859375 0.1796875
2 0.3890625 0.3890625 0.0203125 0.04921875
2 0.35703125 0.3234375 0.0109375 0.03359375
2 0.43203125 0.48125 0.0234375 0.0734375
2 0.46328125 0.6046875 0.04140625 0.10703125
2 0.55625 0.76796875 0.05 0.14453125
2 0.35859375 0.38984375 0.0171875 0.05078125
2 0.4359375 0.36875 0.0171875 0.04453125
2 0.3734375 0.234375 0.00625 0.02421875
2 0.3984375 0.5296875 0.0296875 0.05078125
2 0.61015625 0.58125 0.03515625 0.0953125
2 0.44296875 0.41328125 0.02109375 0.0578125
2 0.39453125 0.4421875 0.02109375 0.0625
2 0.48515625 0.484375 0.02734375 0.084375
2 0.10703125 0.38984375 0.02109375 0.046875
2 0.43984375 0.3390625 0.01484375 0.0375
2 0.54453125 0.65234375 0.0484375 0.1
2 0.45703125 0.5234375 0.03125 0.06875
1 0.5828125 0.4125 0.08359375 0.121875
1 0.4515625 0.29296875 0.03515625 0.04453125
1 0.4265625 0.246875 0.02265625 0.0359375
1 0.88359375 0.71328125 0.2171875 0.253125
1 0.740625 0.7265625 0.17109375 0.2578125