0 0.3734375 0.2109375 0.02109375 0.0359375
2 0.6421875 0.51875 0.03359375 0.08671875
2 0.5796875 0.49765625 0.02734375 0.0796875
2 0.5359375 0.5375 0.0375 0.10234375
2 0.44453125 0.4546875 0.02109375 0.0640625
2 0.4953125 0.3921875 0.01875 0.05078125
2 0.14296875 0.5046875 0.0234375 0.07109375
2 0.546875 0.428125 0.02109375 0.06015625
2 0.3984375 0.39140625 0.0171875 0.0578125
2 0.3703125 0.3796875 0.01640625 0.0578125
2 0.4609375 0.40546875 0.0203125 0.06015625
2 0.46953125 0.3359375 0.01640625 0.04453125
2 0.51484375 0.3546875 0.01484375 0.05078125
2 0.53046875 0.25859375 0.00859375 0.02890625
2 0.41796875 0.37578125 0.01640625 0.053125
2 0.04609375 0.4078125 0.03984375 0.05078125
2 0.440625 0.35 0.0140625 0.05078125
2 0.1859375 0.33359375 0.01875 0.04921875
2 0.07109375 0.39921875 0.0375 0.046875
2 0.3296875 0.2796875 0.01015625 0.0359375
2 0.36796875 0.3265625 0.0140625 0.03984375
2 0.3796875 0.3140625 0.0125 0.0375
2 0.346875 0.3078125 0.0109375 0.046875
2 0.3984375 0.3375 0.0125 0.03984375
1 0.23828125 0.60078125 0.1140625 0.17109375
1 0.44765625 0.865625 0.21484375 0.2640625
1 0.1921875 0.4140625 0.05625 0.1