2 0.32109375 0.95234375 0.0703125 0.09140625
2 0.19921875 0.42421875 0.01875 0.0578125
2 0.33046875 0.72421875 0.04609375 0.12421875
2 0.1703125 0.3390625 0.01484375 0.0375
2 0.1875 0.353125 0.0125 0.03984375
2 0.0453125 0.4046875 0.04140625 0.0578125
2 0.43828125 0.27890625 0.0390625 0.0421875
2 0.3828125 0.2796875 0.0328125 0.03984375
2 0.5796875 0.27578125 0.01875 0.0359375
2 0.49765625 0.278125 0.0296875 0.0359375
2 0.1359375 0.30859375 0.02734375 0.0265625
2 0.0171875 0.40703125 0.0203125 0.07109375
2 0.3234375 0.284375 0.025 0.0359375