2 0.2828125 0.77578125 0.0453125 0.15078125
2 0.196875 0.59453125 0.03125 0.09140625
2 0.18671875 0.4203125 0.0234375 0.0625
2 0.3984375 0.31328125 0.0140625 0.04921875
2 0.3734375 0.3140625 0.0109375 0.0421875
2 0.15859375 0.32421875 0.0171875 0.03984375
2 0.421875 0.3125 0.0109375 0.0375
2 0.2390625 0.52578125 0.025 0.078125
2 0.4671875 0.3390625 0.0140625 0.046875
2 0.434375 0.303125 0.0109375 0.0375
2 0.21640625 0.49453125 0.025 0.078125
2 0.2140625 0.40859375 0.02109375 0.053125
2 0.4515625 0.39296875 0.01875 0.053125
2 0.33984375 0.27109375 0.01015625 0.03125
2 0.4515625 0.30078125 0.01015625 0.03359375
2 0.18046875 0.35078125 0.0140625 0.03984375
2 0.47421875 0.284375 0.00859375 0.03125
2 0.0046875 0.553125 0.00859375 0.0625