2 0.24140625 0.93203125 0.075 0.13125
2 0.1296875 0.5796875 0.02890625 0.09296875
2 0.27109375 0.51328125 0.0375 0.053125
2 0.36015625 0.3609375 0.01484375 0.0421875
2 0.0765625 0.39921875 0.02890625 0.046875
2 0.04609375 0.40859375 0.03984375 0.053125
2 0.1453125 0.32109375 0.01640625 0.03359375
1 0.428125 0.83671875 0.24609375 0.321875
1 0.4640625 0.33671875 0.04609375 0.0640625
1 0.9078125 0.7734375 0.18125 0.3640625
1 0.3046875 0.61875 0.14609375 0.19296875
1 0.6671875 0.49921875 0.11875 0.16640625