2 0.23125 0.553125 0.02734375 0.09296875
2 0.7859375 0.87421875 0.0703125 0.17578125
2 0.49140625 0.76796875 0.04765625 0.14921875
2 0.43203125 0.63125 0.03359375 0.1109375
2 0.8640625 0.771875 0.0734375 0.1625
2 0.590625 0.63671875 0.04140625 0.121875
2 0.7578125 0.653125 0.05625 0.13359375
2 0.64140625 0.9078125 0.06484375 0.1796875
2 0.4796875 0.58359375 0.03515625 0.1
2 0.62734375 0.50234375 0.0328125 0.084375
2 0.3953125 0.53984375 0.02890625 0.0796875
2 0.53828125 0.61640625 0.0390625 0.121875
2 0.96953125 0.76640625 0.05859375 0.10234375
2 0.58125 0.4875 0.0296875 0.08671875
2 0.45234375 0.43359375 0.02265625 0.07109375
2 0.4046875 0.4203125 0.01875 0.0625
2 0.64921875 0.74921875 0.05625 0.146875
2 0.5515625 0.5046875 0.0296875 0.0890625
2 0.38046875 0.484375 0.0234375 0.07578125
2 0.5125 0.5375 0.0328125 0.09765625
2 0.33984375 0.34453125 0.01484375 0.0625
2 0.37109375 0.396875 0.0171875 0.06015625
2 0.16015625 0.33203125 0.0125 0.03359375
2 0.48828125 0.24765625 0.00859375 0.02421875
2 0.5203125 0.4046875 0.01875 0.0578125
2 0.43359375 0.4796875 0.02265625 0.07578125
2 0.5875 0.97578125 0.0421875 0.04453125
2 0.434375 0.384375 0.01640625 0.04921875
2 0.5453125 0.44921875 0.02890625 0.0625
2 0.00390625 0.55078125 0.0078125 0.0625
1 0.92890625 0.903125 0.13984375 0.1890625