0 0.85859375 0.6625 0.2546875 0.36015625
2 0.26015625 0.9375 0.06015625 0.1203125
2 0.4953125 0.70703125 0.0453125 0.13359375
2 0.30546875 0.52109375 0.04609375 0.08671875
2 0.4328125 0.9140625 0.07109375 0.16640625
2 0.41953125 0.62578125 0.0390625 0.11796875
2 0.6328125 0.94453125 0.07890625 0.10703125
2 0.67265625 0.7046875 0.0546875 0.12890625
2 0.5703125 0.815625 0.05234375 0.16015625
2 0.3984375 0.5 0.02890625 0.084375
2 0.52421875 0.55859375 0.02890625 0.09140625
2 0.44765625 0.56015625 0.0296875 0.09296875
2 0.9484375 0.9546875 0.1 0.08671875
2 0.5421875 0.96875 0.07265625 0.0578125
2 0.74609375 0.90234375 0.08515625 0.19140625
2 0.978125 0.96875 0.04140625 0.0578125
2 0.3546875 0.47578125 0.0234375 0.07578125
2 0.4265625 0.45703125 0.02265625 0.0734375
2 0.57421875 0.2578125 0.0140625 0.0265625
2 0.553125 0.2578125 0.0140625 0.0265625
2 0.63984375 0.48203125 0.02734375 0.0625
2 0.56640625 0.41640625 0.02265625 0.0421875
2 0.15 0.40859375 0.0171875 0.053125
2 0.45390625 0.42578125 0.0203125 0.06015625
2 0.0453125 0.4078125 0.0390625 0.05078125
2 0.9203125 0.9546875 0.0421875 0.08671875
2 0.37578125 0.428125 0.01875 0.0640625
2 0.6703125 0.59140625 0.03984375 0.07109375
2 0.5203125 0.43125 0.01875 0.0625
2 0.071875 0.39453125 0.0359375 0.05078125
2 0.503125 0.528125 0.0234375 0.078125
2 0.46171875 0.51875 0.0234375 0.08671875
2 0.4875 0.4765625 0.0171875 0.0640625
2 0.49609375 0.25703125 0.0078125 0.0203125
2 0.61328125 0.496875 0.0234375 0.0734375
2 0.53671875 0.94765625 0.0859375 0.1
1 0.2078125 0.40703125 0.0546875 0.0890625
1 0.57265625 0.50234375 0.08515625 0.13359375