2 0.22578125 0.94140625 0.07109375 0.11328125
2 0.56953125 0.81015625 0.05625 0.16640625
2 0.0671875 0.5859375 0.03125 0.08671875
2 0.46171875 0.7421875 0.04375 0.12890625
2 0.31640625 0.6 0.03515625 0.1109375
2 0.13203125 0.48359375 0.0234375 0.0640625
2 0.48359375 0.52109375 0.02734375 0.09140625
2 0.35625 0.4734375 0.025 0.0796875
2 0.30546875 0.715625 0.0484375 0.13359375
2 0.4546875 0.43125 0.0234375 0.06640625
2 0.44375 0.59140625 0.0328125 0.0890625
2 0.4265625 0.4359375 0.0234375 0.0625
2 0.39140625 0.496875 0.025 0.08203125
2 0.7203125 0.9390625 0.1125 0.11796875
2 0.53984375 0.65546875 0.03984375 0.09765625
2 0.56875 0.61328125 0.0328125 0.10703125
2 0.4296875 0.528125 0.0296875 0.06875
2 0.1515625 0.328125 0.01640625 0.03359375
2 0.06640625 0.46328125 0.025 0.06875
2 0.3421875 0.31640625 0.0125 0.0375
2 0.3828125 0.4140625 0.0171875 0.05546875
2 0.7484375 0.9390625 0.0546875 0.11796875
2 0.50546875 0.421875 0.01875 0.053125
2 0.4171875 0.39140625 0.01875 0.04921875
2 0.09453125 0.46640625 0.0265625 0.0625
2 0.48203125 0.428125 0.01875 0.06015625
2 0.22109375 0.46015625 0.025 0.04921875
1 0.91328125 0.79453125 0.17109375 0.3625
1 0.203125 0.5296875 0.09375 0.1796875
1 0.6953125 0.678125 0.1671875 0.253125
1 0.56171875 0.38359375 0.07109375 0.1
1 0.665625 0.49765625 0.10859375 0.115625
1 0.58671875 0.515625 0.09609375 0.1375