2 0.2265625 0.9421875 0.07109375 0.1109375
2 0.51953125 0.94140625 0.05859375 0.11328125
2 0.47890625 0.69140625 0.0453125 0.1375
2 0.1765625 0.3796875 0.01875 0.04921875
2 0.55859375 0.81328125 0.0546875 0.16015625
2 0.4453125 0.5546875 0.0328125 0.1
2 0.4046875 0.55859375 0.0296875 0.0953125
2 0.35625 0.4890625 0.025 0.0796875
2 0.1859375 0.4875 0.0265625 0.078125
2 0.62265625 0.49296875 0.0296875 0.084375
2 0.38203125 0.38671875 0.01875 0.0578125
2 0.615625 0.78984375 0.05859375 0.1625
2 0.790625 0.5953125 0.04140625 0.09765625
2 0.2296875 0.38671875 0.0171875 0.0578125
2 0.57265625 0.6140625 0.03515625 0.1
2 0.5140625 0.521875 0.0328125 0.0890625
2 0.975 0.94921875 0.04765625 0.09765625
2 0.209375 0.45 0.02109375 0.0640625
2 0.6734375 0.59453125 0.0390625 0.08671875
2 0.48984375 0.45703125 0.0203125 0.0640625
2 0.63984375 0.715625 0.03515625 0.1421875
2 0.753125 0.97109375 0.09140625 0.053125
2 0.70625 0.65 0.0578125 0.121875
2 0.45078125 0.434375 0.01875 0.0640625
2 0.5359375 0.653125 0.03984375 0.1109375
2 0.41953125 0.44453125 0.01875 0.06640625
2 0.065625 0.471875 0.0234375 0.05078125
2 0.3578125 0.35078125 0.0140625 0.04921875
2 0.16328125 0.328125 0.0140625 0.03359375
2 0.09453125 0.46640625 0.0265625 0.0625
2 0.4046875 0.33984375 0.0125 0.04453125
2 0.584375 0.521875 0.0234375 0.07109375
2 0.2375 0.5875 0.0328125 0.078125
2 0.3234375 0.55546875 0.0140625 0.03125
2 0.1984375 0.33359375 0.0125 0.04921875
2 0.72265625 0.5703125 0.03515625 0.09140625
2 0.25625 0.53125 0.025 0.0578125
2 0.4390625 0.46875 0.02265625 0.06640625
2 0.3421875 0.31796875 0.0109375 0.03984375
2 0.3859375 0.34140625 0.0140625 0.0421875
2 0.4171875 0.3765625 0.01484375 0.0421875
1 0.315625 0.6796875 0.16640625 0.2625
1 0.59296875 0.4125 0.08359375 0.11796875