2 0.47890625 0.9625 0.07734375 0.07109375
2 0.7578125 0.8609375 0.0875 0.184375
2 0.34921875 0.55 0.0265625 0.08671875
2 0.48359375 0.75 0.0453125 0.13984375
2 0.68203125 0.6375 0.04375 0.10703125
2 0.4109375 0.58984375 0.0375 0.1
2 0.38515625 0.4921875 0.025 0.078125
2 0.55625 0.7203125 0.0453125 0.115625
2 0.5765625 0.865625 0.06484375 0.14921875
2 0.6171875 0.64296875 0.05390625 0.1265625
2 0.45390625 0.6140625 0.03515625 0.10859375
2 0.5234375 0.4703125 0.025 0.078125
2 0.8546875 0.90078125 0.0875 0.184375
2 0.5046875 0.40859375 0.0203125 0.0578125
2 0.33125 0.5921875 0.0203125 0.046875
2 0.3984375 0.35078125 0.01484375 0.053125
2 0.4703125 0.46328125 0.0171875 0.0640625
2 0.09921875 0.415625 0.0359375 0.07109375
2 0.57421875 0.49140625 0.02109375 0.06640625
2 0.546875 0.55703125 0.0234375 0.09140625
2 0.3375 0.284375 0.01015625 0.0265625
2 0.3640625 0.41328125 0.0203125 0.06640625
2 0.5046875 0.678125 0.03359375 0.12890625
2 0.6109375 0.55703125 0.0359375 0.0640625
2 0.42734375 0.45 0.02265625 0.06875
2 0.4921875 0.4890625 0.02890625 0.0625
2 0.5671875 0.5265625 0.0234375 0.0796875
2 0.321875 0.38203125 0.01875 0.0625
2 0.6515625 0.83984375 0.0640625 0.2265625
2 0.1515625 0.32109375 0.0171875 0.0421875
2 0.65390625 0.73359375 0.06015625 0.09765625
2 0.49921875 0.5609375 0.0359375 0.078125
3 0.62265625 0.4546875 0.075 0.1359375
1 0.3265625 0.734375 0.1703125 0.25546875
1 0.80859375 0.6578125 0.175 0.20859375