2 0.359375 0.9 0.0609375 0.18671875
2 0.1703125 0.6421875 0.0359375 0.1203125
2 0.28046875 0.7640625 0.04609375 0.15546875
2 0.49765625 0.9609375 0.0578125 0.0734375
2 0.6046875 0.66015625 0.0453125 0.1375
2 0.46015625 0.80546875 0.05234375 0.153125
2 0.39375 0.696875 0.03984375 0.13125
2 0.48984375 0.6234375 0.0375 0.1265625
2 0.575 0.9296875 0.07265625 0.1359375
2 0.64921875 0.9203125 0.06875 0.15546875
2 0.68046875 0.77578125 0.05859375 0.16015625
2 0.3765625 0.41640625 0.01875 0.0640625
2 0.5296875 0.45234375 0.02109375 0.06875
2 0.74765625 0.62890625 0.05234375 0.1109375
2 0.2890625 0.97109375 0.02890625 0.053125
2 0.4265625 0.5390625 0.0296875 0.09140625
2 0.0671875 0.46328125 0.0234375 0.0640625
2 0.7484375 0.89453125 0.08125 0.1359375
2 0.26328125 0.9703125 0.08125 0.05546875
2 0.44765625 0.4703125 0.02265625 0.0640625
2 0.4078125 0.6203125 0.025 0.07109375
2 0.5546875 0.796875 0.05234375 0.11328125
2 0.67578125 0.61640625 0.0484375 0.11328125
2 0.80390625 0.75 0.05 0.1
2 0.45625 0.6734375 0.0453125 0.084375
2 0.54765625 0.746875 0.06484375 0.2
2 0.45625 0.40234375 0.0171875 0.053125
2 0.09375 0.4640625 0.02734375 0.0625
2 0.50703125 0.47109375 0.02109375 0.06640625
2 0.55546875 0.5609375 0.0265625 0.08671875
2 0.5921875 0.59296875 0.0375 0.07578125
2 0.4015625 0.4875 0.02265625 0.0734375
2 0.75078125 0.77578125 0.06640625 0.1375
1 0.6015625 0.48359375 0.1140625 0.1578125
1 0.8953125 0.8359375 0.20625 0.32421875
1 0.20078125 0.47109375 0.0734375 0.15546875