2 0.23046875 0.5140625 0.0265625 0.08203125
2 0.228125 0.95859375 0.0890625 0.078125
2 0.68046875 0.70703125 0.05625 0.146875
2 0.39296875 0.58203125 0.0265625 0.09296875
2 0.45078125 0.77890625 0.07109375 0.153125
2 0.4390625 0.41875 0.02265625 0.0640625
2 0.18828125 0.346875 0.0140625 0.04453125
2 0.353125 0.41328125 0.01640625 0.053125
2 0.425 0.3796875 0.0171875 0.04453125
2 0.04609375 0.4078125 0.03984375 0.05078125
2 0.071875 0.39921875 0.0359375 0.0421875
2 0.17421875 0.33203125 0.0140625 0.0375
1 0.0203125 0.61328125 0.040625 0.1640625