2 0.3921875 0.80234375 0.05625 0.1640625
2 0.9015625 0.9046875 0.09375 0.18671875
2 0.6875 0.8140625 0.0703125 0.17578125
2 0.47109375 0.7953125 0.05 0.1640625
2 0.6046875 0.75703125 0.0546875 0.153125
2 0.55390625 0.81640625 0.0546875 0.1625
2 0.7421875 0.6859375 0.0515625 0.1265625
2 0.60390625 0.528125 0.02734375 0.0953125
2 0.396875 0.621875 0.03359375 0.10234375
2 0.50234375 0.49921875 0.02734375 0.08671875
2 0.45703125 0.628125 0.0359375 0.1
2 0.3546875 0.4421875 0.02265625 0.0625
2 0.39375 0.50546875 0.0296875 0.0734375
2 0.12734375 0.39140625 0.025 0.04453125
2 0.42265625 0.39921875 0.0171875 0.0640625
2 0.3890625 0.2859375 0.0109375 0.0421875
2 0.37734375 0.35546875 0.0171875 0.04921875
2 0.5703125 0.63359375 0.0390625 0.10703125
2 0.7921875 0.8953125 0.0796875 0.15546875
2 0.34921875 0.3234375 0.0109375 0.03359375
2 0.43515625 0.38671875 0.01484375 0.053125
2 0.50390625 0.43359375 0.02265625 0.04921875
2 0.57109375 0.55234375 0.0375 0.09140625
2 0.3609375 0.37890625 0.01484375 0.046875
2 0.4609375 0.53125 0.03125 0.07109375
2 0.35390625 0.2640625 0.0078125 0.03125
2 0.3984375 0.403125 0.0203125 0.05078125
2 0.4703125 0.3921875 0.0171875 0.046875
2 0.56015625 0.4609375 0.03515625 0.06875
2 0.4 0.4578125 0.025 0.0578125
2 0.40625 0.25546875 0.0078125 0.03125
2 0.00390625 0.553125 0.0078125 0.0625
2 0.446875 0.45234375 0.02109375 0.0734375
2 0.45234375 0.471875 0.02734375 0.05546875
2 0.46328125 0.43984375 0.01875 0.0625
1 0.6796875 0.51015625 0.1078125 0.1359375
1 0.46953125 0.346875 0.0484375 0.0796875
1 0.5453125 0.38359375 0.0546875 0.078125