0 0.678125 0.615625 0.2015625 0.3375
2 0.22265625 0.53671875 0.02734375 0.08671875
2 0.3453125 0.81640625 0.04765625 0.1578125
2 0.55625 0.63203125 0.0421875 0.11796875
2 0.49296875 0.7609375 0.05625 0.153125
2 0.1640625 0.4109375 0.0203125 0.0578125
2 0.6984375 0.90234375 0.0625 0.18203125
2 0.3859375 0.59453125 0.0296875 0.0953125
2 0.4265625 0.878125 0.04765625 0.15546875
2 0.3453125 0.51796875 0.03125 0.0890625
2 0.43125 0.5734375 0.03515625 0.10703125
2 0.2125 0.41796875 0.0171875 0.0625
2 0.2296875 0.35078125 0.01640625 0.04453125
2 0.4671875 0.37421875 0.0171875 0.05078125
2 0.38203125 0.3765625 0.01875 0.05546875
2 0.18984375 0.346875 0.01484375 0.0359375
2 0.3796875 0.47109375 0.02265625 0.0625
2 0.56796875 0.26328125 0.01875 0.02890625
2 0.6078125 0.96875 0.08359375 0.0578125
2 0.440625 0.4 0.01875 0.053125
2 0.7921875 0.9734375 0.1015625 0.04921875
2 0.3578125 0.4234375 0.02265625 0.06875
2 0.465625 0.5046875 0.0265625 0.0890625
2 0.36953125 0.34921875 0.0140625 0.04453125
2 0.53046875 0.2578125 0.01640625 0.0265625
2 0.1734375 0.321875 0.01640625 0.0359375
2 0.20703125 0.3734375 0.01640625 0.04453125
2 0.625 0.8953125 0.06484375 0.12890625
2 0.4390625 0.47890625 0.02734375 0.0734375
2 0.4953125 0.6125 0.025 0.08671875
2 0.484375 0.346875 0.0109375 0.03984375
2 0.4140625 0.403125 0.0203125 0.05546875
2 0.4140625 0.5234375 0.025 0.08203125
3 0.53125 0.41875 0.0875 0.14453125