2 0.3734375 0.9453125 0.0703125 0.1046875
2 0.47890625 0.90546875 0.0625 0.184375
2 0.5890625 0.77578125 0.0515625 0.146875
2 0.3046875 0.5234375 0.0453125 0.08203125
2 0.778125 0.69453125 0.04375 0.121875
2 0.3953125 0.7625 0.0453125 0.12890625
2 0.38984375 0.54921875 0.0328125 0.0796875
2 0.4421875 0.603125 0.03359375 0.1
2 0.83515625 0.64921875 0.0546875 0.10703125
2 0.20859375 0.34765625 0.01484375 0.0421875
2 0.51953125 0.83671875 0.04375 0.153125
2 0.52734375 0.55 0.0296875 0.0953125
2 0.7046875 0.95234375 0.0859375 0.09140625
2 0.3609375 0.5109375 0.0234375 0.084375
2 0.35546875 0.30703125 0.0140625 0.04921875
2 0.41953125 0.38984375 0.01640625 0.05078125
2 0.41953125 0.46875 0.02109375 0.06640625
2 0.51484375 0.70078125 0.04765625 0.08203125
2 0.046875 0.4078125 0.0390625 0.05078125
2 0.39765625 0.41796875 0.0171875 0.053125
2 0.3734375 0.31640625 0.0140625 0.05078125
2 0.4546875 0.4546875 0.0203125 0.0640625
2 0.90703125 0.97578125 0.10625 0.04453125
2 0.0734375 0.4 0.03359375 0.03984375
2 0.4421875 0.37109375 0.01640625 0.04453125
2 0.35078125 0.3890625 0.01875 0.053125
2 0.5671875 0.61328125 0.03359375 0.0796875
2 0.59921875 0.4 0.02109375 0.0625
2 0.6828125 0.8234375 0.0640625 0.1
2 0.49140625 0.54453125 0.0328125 0.0796875
2 0.6328125 0.9734375 0.0953125 0.04921875
2 0.50703125 0.62109375 0.04375 0.06015625
2 0.4078125 0.59765625 0.03359375 0.0796875
2 0.853125 0.8859375 0.0890625 0.16640625
2 0.43671875 0.5109375 0.0234375 0.0796875
2 0.4140625 0.6765625 0.02265625 0.0953125
3 0.9203125 0.7734375 0.1578125 0.3375
1 0.68984375 0.66796875 0.17734375 0.2734375