2 0.22578125 0.93984375 0.07109375 0.115625
2 0.1484375 0.47421875 0.0265625 0.0734375
2 0.2734375 0.66875 0.0390625 0.1203125
2 0.234375 0.4546875 0.02109375 0.0734375
2 0.79375 0.93359375 0.0953125 0.12890625
2 0.6890625 0.74140625 0.0609375 0.14921875
2 0.36328125 0.8 0.0484375 0.1375
2 0.4875 0.60703125 0.0375 0.10703125
2 0.44375 0.5359375 0.0328125 0.0890625
2 0.434375 0.771875 0.0609375 0.09140625
2 0.36875 0.42890625 0.0203125 0.0625
2 0.47578125 0.4953125 0.0265625 0.07109375
2 0.421875 0.43359375 0.02109375 0.06640625
2 0.9625 0.97109375 0.0421875 0.053125
2 0.58359375 0.865625 0.0671875 0.1890625
2 0.5703125 0.6125 0.03359375 0.11328125
2 0.52109375 0.84140625 0.05234375 0.14921875
2 0.3734375 0.6875 0.0453125 0.1359375
2 0.4375 0.4109375 0.0171875 0.0578125
2 0.09453125 0.46796875 0.0265625 0.06015625
2 0.4421875 0.6765625 0.04609375 0.1265625
2 0.190625 0.32890625 0.01875 0.04453125
2 0.39765625 0.36796875 0.01484375 0.046875
2 0.17578125 0.39140625 0.0109375 0.04453125
2 0.26875 0.5703125 0.0328125 0.0734375
2 0.34375 0.353125 0.01484375 0.0578125
2 0.384375 0.38203125 0.01640625 0.0578125
2 0.36953125 0.3609375 0.0140625 0.0421875
2 0.546875 0.7140625 0.0484375 0.14921875
2 0.06640625 0.45859375 0.02734375 0.0734375
1 0.78984375 0.61015625 0.18515625 0.2421875
1 0.58359375 0.4078125 0.075 0.11328125
1 0.46875 0.9 0.22265625 0.1953125