2 0.1078125 0.765625 0.05234375 0.14921875
2 0.66796875 0.77109375 0.0609375 0.1640625
2 0.234375 0.43203125 0.02109375 0.06015625
2 0.84609375 0.75234375 0.0703125 0.14453125
2 0.72109375 0.5421875 0.0375 0.084375
2 0.21484375 0.6421875 0.03984375 0.1203125
2 0.403125 0.54140625 0.02890625 0.0953125
2 0.55390625 0.93125 0.0671875 0.13359375
2 0.60234375 0.81875 0.05 0.17109375
2 0.34375 0.41875 0.02265625 0.0640625
2 0.5546875 0.61328125 0.0390625 0.10234375
2 0.3671875 0.66328125 0.04140625 0.1265625
2 0.2515625 0.55703125 0.0296875 0.09140625
2 0.1671875 0.5703125 0.0328125 0.1
2 0.5765625 0.56328125 0.02734375 0.09140625
2 0.5671875 0.36796875 0.02109375 0.05078125
2 0.475 0.58984375 0.03515625 0.1
2 0.3671875 0.47890625 0.025 0.08203125
2 0.1421875 0.478125 0.0203125 0.0625
2 0.19375 0.52421875 0.02734375 0.084375
2 0.56328125 0.2609375 0.01875 0.02890625
2 0.45703125 0.41015625 0.01875 0.05546875
2 0.49765625 0.5546875 0.02734375 0.08671875
2 0.04609375 0.4078125 0.03984375 0.05078125
2 0.43125 0.4234375 0.0203125 0.06015625
2 0.4828125 0.43984375 0.0203125 0.0578125
2 0.421875 0.478125 0.02109375 0.07578125
2 0.07265625 0.3953125 0.0375 0.053125
2 0.36953125 0.35703125 0.0140625 0.0421875
2 0.453125 0.52578125 0.03125 0.08671875
2 0.1796875 0.4078125 0.0203125 0.05078125
2 0.9734375 0.81328125 0.0515625 0.10703125
2 0.40390625 0.43125 0.0203125 0.0625
1 0.31640625 0.76328125 0.1796875 0.33984375
1 0.90625 0.903125 0.18515625 0.1890625