2 0.8828125 0.715625 0.06640625 0.12421875
2 0.48046875 0.9359375 0.0609375 0.12421875
2 0.5078125 0.69921875 0.0421875 0.13125
2 0.6453125 0.5046875 0.03125 0.084375
2 0.471875 0.5421875 0.03359375 0.09765625
2 0.8078125 0.7046875 0.0625 0.1203125
2 0.58515625 0.88359375 0.0671875 0.1796875
2 0.40703125 0.5359375 0.0265625 0.084375
2 0.3796875 0.47890625 0.0234375 0.0734375
2 0.23046875 0.4 0.01640625 0.053125
2 0.97890625 0.94296875 0.03984375 0.10859375
2 0.5703125 0.5625 0.03359375 0.09765625
2 0.53984375 0.39921875 0.0171875 0.05078125
2 0.68984375 0.78359375 0.06015625 0.1625
2 0.8359375 0.90859375 0.08515625 0.178125
2 0.4546875 0.44453125 0.0265625 0.07109375
2 0.4953125 0.4421875 0.02265625 0.07109375
2 0.7203125 0.7125 0.0328125 0.11796875
2 0.4828125 0.28984375 0.0109375 0.0375
2 0.21015625 0.365625 0.01484375 0.0421875
2 0.3375 0.328125 0.0125 0.046875
2 0.36171875 0.39453125 0.01875 0.0640625
2 0.1828125 0.36015625 0.02265625 0.0359375
2 0.1546875 0.39765625 0.0203125 0.07109375
2 0.3828125 0.36875 0.0171875 0.053125
2 0.246875 0.36015625 0.01640625 0.04921875
2 0.15546875 0.32890625 0.01640625 0.03125
2 0.046875 0.4078125 0.0390625 0.05078125
2 0.5703125 0.41015625 0.0203125 0.05078125
2 0.58515625 0.43984375 0.0171875 0.0625
2 0.071875 0.3953125 0.0359375 0.053125
2 0.44140625 0.4 0.0203125 0.0578125
2 0.73359375 0.6640625 0.03984375 0.12421875
2 0.4171875 0.45078125 0.0203125 0.07109375
2 0.01796875 0.40234375 0.02109375 0.06640625
2 0.4578125 0.3609375 0.01484375 0.046875
2 0.478125 0.2546875 0.00625 0.0203125
2 0.70625 0.69921875 0.06015625 0.14453125
1 0.1828125 0.434375 0.0625 0.121875