2 0.3171875 0.8453125 0.0578125 0.1578125
2 0.30703125 0.6578125 0.04375 0.10234375
2 0.18203125 0.3390625 0.0140625 0.0375
2 0.446875 0.27890625 0.0234375 0.0375
2 0.2078125 0.4640625 0.0234375 0.07109375
2 0.40078125 0.284375 0.0265625 0.03125
2 0.3546875 0.28984375 0.02265625 0.02890625
2 0.5328125 0.2765625 0.0234375 0.0375
2 0.2015625 0.4109375 0.02265625 0.053125
2 0.04609375 0.40859375 0.0375 0.053125
2 0.065625 0.39765625 0.03125 0.053125
2 0.58046875 0.28125 0.02109375 0.02890625
2 0.2015625 0.3046875 0.0125 0.021875
2 0.01875 0.4078125 0.02265625 0.06875
1 0.2203125 0.34453125 0.0453125 0.07109375