2 0.425 0.91640625 0.0578125 0.1625
2 0.49765625 0.78203125 0.05 0.1640625
2 0.75078125 0.7078125 0.05390625 0.1265625
2 0.60234375 0.91796875 0.0578125 0.16015625
2 0.6625 0.90234375 0.0625 0.1640625
2 0.91328125 0.70234375 0.05390625 0.10234375
2 0.75234375 0.9546875 0.08515625 0.08671875
2 0.34609375 0.42890625 0.0171875 0.0625
2 0.4625 0.5921875 0.0296875 0.1
2 0.6171875 0.60703125 0.03515625 0.09296875
2 0.64453125 0.68671875 0.05390625 0.12421875
2 0.21953125 0.4765625 0.02109375 0.05078125
2 0.38359375 0.52578125 0.0328125 0.08671875
2 0.50859375 0.55234375 0.02734375 0.09140625
2 0.9578125 0.95546875 0.08125 0.084375
2 0.41328125 0.5796875 0.02890625 0.09296875
2 0.5765625 0.73671875 0.05234375 0.121875
2 0.43671875 0.553125 0.0265625 0.0890625
2 0.54609375 0.6375 0.0375 0.09765625
2 0.56875 0.4921875 0.0296875 0.06875
2 0.7234375 0.5765625 0.0390625 0.1
2 0.32265625 0.37578125 0.0171875 0.04453125
2 0.41640625 0.45546875 0.0171875 0.06640625
2 0.4171875 0.72578125 0.05 0.10859375
2 0.45078125 0.48125 0.02109375 0.06875
2 0.48828125 0.36640625 0.0140625 0.03984375
2 0.521875 0.465625 0.0234375 0.0734375
2 0.4859375 0.5078125 0.0265625 0.08203125
2 0.42734375 0.43671875 0.01484375 0.0640625
2 0.10078125 0.421875 0.03359375 0.0578125
2 0.47578125 0.42890625 0.01640625 0.0578125
2 0.4609375 0.3875 0.0171875 0.0640625
2 0.3875 0.45 0.02734375 0.0734375
2 0.56171875 0.5796875 0.02109375 0.07578125
1 0.2390625 0.58125 0.11484375 0.16640625
1 0.6015625 0.43671875 0.07734375 0.1046875
1 0.421875 0.28125 0.0265625 0.0421875