0 0.17734375 0.25 0.0375 0.05078125
2 0.421875 0.915625 0.0734375 0.1640625
2 0.30390625 0.671875 0.04765625 0.13125
2 0.25390625 0.565625 0.0328125 0.1
2 0.109375 0.52578125 0.03125 0.078125
2 0.20234375 0.42578125 0.0203125 0.06015625
2 0.0671875 0.46328125 0.0234375 0.0640625
2 0.47421875 0.27890625 0.02109375 0.03359375
2 0.44140625 0.28359375 0.025 0.02890625
2 0.178125 0.29453125 0.0265625 0.03359375
2 0.13046875 0.515625 0.01640625 0.06640625
2 0.50703125 0.27890625 0.0234375 0.0421875
2 0.04921875 0.47578125 0.0234375 0.0625
1 0.2078125 0.3265625 0.0390625 0.053125