0 0.3734375 0.2140625 0.0234375 0.046875
2 0.30703125 0.85546875 0.0640625 0.19140625
2 0.61328125 0.50078125 0.02890625 0.078125
2 0.48203125 0.43203125 0.0234375 0.06875
2 0.43671875 0.42421875 0.01875 0.0578125
2 0.5203125 0.371875 0.0171875 0.05546875
2 0.3984375 0.3390625 0.01640625 0.05078125
2 0.446875 0.32890625 0.0140625 0.04453125
2 0.559375 0.2546875 0.0140625 0.03359375
2 0.5640625 0.4078125 0.02109375 0.05546875
2 0.4703125 0.3203125 0.0109375 0.0359375
2 0.36484375 0.31640625 0.01015625 0.0375
2 0.42265625 0.3265625 0.0125 0.04453125
2 0.321875 0.37578125 0.01640625 0.04453125
2 0.34765625 0.29453125 0.0125 0.03359375
2 0.38125 0.30234375 0.0125 0.03984375
1 0.18515625 0.5265625 0.0875 0.1734375
1 0.19296875 0.39765625 0.0515625 0.084375