0 0.42578125 0.2890625 0.05625 0.10703125
2 0.6953125 0.696875 0.0546875 0.14453125
2 0.4015625 0.9625 0.0734375 0.07109375
2 0.4796875 0.8234375 0.04765625 0.16640625
2 0.3859375 0.75703125 0.03515625 0.1359375
2 0.76015625 0.9390625 0.08515625 0.11796875
2 0.2296875 0.39765625 0.0171875 0.053125
2 0.54765625 0.79296875 0.04765625 0.1421875
2 0.6125 0.6703125 0.03984375 0.11796875
2 0.3921875 0.4734375 0.02734375 0.0796875
2 0.1109375 0.4359375 0.0203125 0.0578125
2 0.41875 0.61875 0.0375 0.10859375
2 0.58203125 0.73359375 0.04375 0.13359375
2 0.21484375 0.3578125 0.01484375 0.03984375
2 0.3515625 0.51328125 0.0265625 0.0890625
2 0.4515625 0.39921875 0.0203125 0.06015625
2 0.47578125 0.57578125 0.03359375 0.0796875
2 0.48984375 0.671875 0.0375 0.121875
2 0.63203125 0.934375 0.08125 0.1265625
2 0.39140625 0.4125 0.0171875 0.046875
2 0.36328125 0.453125 0.01875 0.0578125
2 0.4328125 0.44140625 0.0203125 0.05078125
2 0.43828125 0.53125 0.01875 0.0796875
2 0.465625 0.4578125 0.02109375 0.0625
2 0.34921875 0.415625 0.01640625 0.04921875
1 0.58359375 0.51015625 0.1078125 0.13984375
1 0.6390625 0.4578125 0.09375 0.12890625
1 0.82265625 0.63671875 0.1625 0.20703125