2 0.365625 0.71640625 0.0390625 0.121875
2 0.4296875 0.8875 0.05625 0.184375
2 0.5359375 0.80234375 0.05234375 0.16015625
2 0.79765625 0.9234375 0.0921875 0.14921875
2 0.7328125 0.8046875 0.0765625 0.16875
2 0.53671875 0.6234375 0.04609375 0.13125
2 0.63359375 0.6765625 0.0421875 0.121875
2 0.4234375 0.60703125 0.03359375 0.10234375
2 0.5953125 0.71640625 0.05390625 0.14453125
2 0.590625 0.5703125 0.0390625 0.09140625
2 0.37109375 0.50703125 0.02734375 0.0890625
2 0.48359375 0.5390625 0.0296875 0.06875
2 0.421875 0.4546875 0.02109375 0.06015625
2 0.32109375 0.37578125 0.0171875 0.04453125
2 0.4625 0.47109375 0.02265625 0.07109375
2 0.48984375 0.66328125 0.03984375 0.13125
2 0.378125 0.44296875 0.0234375 0.05546875
2 0.57109375 0.4953125 0.025 0.0625
2 0.4078125 0.37421875 0.01640625 0.05078125
2 0.5390625 0.52890625 0.03125 0.0625
2 0.43671875 0.53671875 0.02890625 0.08671875
2 0.35 0.37109375 0.01484375 0.0578125
2 0.09140625 0.41328125 0.0171875 0.07109375
2 0.4328125 0.396875 0.0140625 0.05078125
2 0.5234375 0.4796875 0.0203125 0.0625
2 0.59453125 0.98359375 0.08125 0.02890625
2 0.1 0.41328125 0.03515625 0.07578125
2 0.10625 0.42421875 0.02265625 0.04921875
2 0.3796875 0.36796875 0.02109375 0.046875
2 0.665625 0.89921875 0.07109375 0.19296875
2 0.478125 0.434375 0.01875 0.06015625
2 0.3828125 0.39765625 0.02265625 0.04921875
1 0.703125 0.58984375 0.1484375 0.20703125