0 0.79609375 0.75859375 0.29765625 0.478125
0 0.56640625 0.46328125 0.1078125 0.17109375
2 0.15859375 0.4421875 0.0203125 0.0625
2 0.39609375 0.70859375 0.03984375 0.12421875
2 0.346875 0.5953125 0.0390625 0.1109375
2 0.21171875 0.43671875 0.02109375 0.08671875
2 0.45390625 0.6734375 0.0453125 0.1375
2 0.2375 0.58203125 0.0328125 0.10234375
2 0.3921875 0.5359375 0.0265625 0.0796875
2 0.49140625 0.56875 0.0328125 0.10703125
2 0.63671875 0.8078125 0.0640625 0.1625
2 0.36640625 0.465625 0.02734375 0.078125
2 0.22578125 0.3640625 0.01640625 0.04921875
2 0.5609375 0.934375 0.07734375 0.1265625
2 0.3921875 0.4046875 0.0203125 0.0625
2 0.4609375 0.43359375 0.0234375 0.0625
2 0.4796875 0.40078125 0.01875 0.05546875
2 0.36953125 0.36875 0.01640625 0.053125
2 0.56484375 0.67890625 0.0375 0.1265625
2 0.54375 0.79921875 0.06015625 0.11796875
2 0.4921875 0.3609375 0.01484375 0.046875
2 0.546875 0.2578125 0.01640625 0.03125
2 0.4515625 0.53125 0.025 0.0625
2 0.13515625 0.32109375 0.01484375 0.03359375
2 0.45546875 0.97421875 0.05859375 0.046875
2 0.4234375 0.49453125 0.02109375 0.06015625
2 0.52890625 0.70078125 0.03984375 0.0953125
2 0.43125 0.59140625 0.02734375 0.07109375
2 0.43359375 0.3609375 0.01484375 0.05078125
2 0.34609375 0.2921875 0.01015625 0.03359375
2 0.4265625 0.44296875 0.025 0.05546875
2 0.19765625 0.35 0.01484375 0.046875