2 0.3484375 0.9125 0.06484375 0.17109375
2 0.46015625 0.85078125 0.0546875 0.18203125
2 0.2078125 0.3375 0.01640625 0.04921875
2 0.5625 0.7125 0.05 0.13984375
2 0.6546875 0.91015625 0.0609375 0.17578125
2 0.4359375 0.57109375 0.03359375 0.09765625
2 0.38671875 0.71015625 0.0390625 0.11796875
2 0.5140625 0.51640625 0.02734375 0.09140625
2 0.3609375 0.484375 0.02109375 0.07578125
2 0.3078125 0.5109375 0.05390625 0.10703125
2 0.78203125 0.6109375 0.0390625 0.1109375
2 0.48828125 0.7703125 0.04140625 0.1359375
2 0.5921875 0.94140625 0.07890625 0.11328125
2 0.94375 0.97421875 0.05234375 0.046875
2 0.390625 0.5109375 0.02890625 0.07109375
2 0.7859375 0.8125 0.0765625 0.13984375
2 0.3921875 0.39453125 0.01640625 0.05078125
2 0.8046875 0.81875 0.0390625 0.1046875
2 0.79609375 0.9375 0.0375 0.1203125
2 0.046875 0.4078125 0.0390625 0.05078125
2 0.415625 0.37578125 0.0140625 0.04921875
2 0.4109375 0.4453125 0.0203125 0.06015625
2 0.34296875 0.3609375 0.0140625 0.046875
2 0.35546875 0.3640625 0.01875 0.0625
2 0.49296875 0.5953125 0.0390625 0.084375
2 0.9578125 0.9546875 0.08125 0.08671875
2 0.37265625 0.31015625 0.0125 0.0421875
2 0.7296875 0.6234375 0.02734375 0.08671875
2 0.8296875 0.93359375 0.10390625 0.12890625
2 0.39375 0.60234375 0.0328125 0.0625
2 0.071875 0.4 0.0359375 0.03984375
2 0.43984375 0.42890625 0.02265625 0.0625
2 0.4640625 0.4609375 0.02265625 0.06015625
2 0.503125 0.69453125 0.03359375 0.1359375
2 0.64609375 0.771875 0.0546875 0.0953125
2 0.4265625 0.484375 0.02109375 0.07109375
2 0.55703125 0.4890625 0.03125 0.0578125
2 0.47890625 0.51328125 0.0296875 0.07578125
2 0.5578125 0.615625 0.0515625 0.084375
1 0.665625 0.6359375 0.1609375 0.24921875