0 0.590625 0.52578125 0.25625 0.42890625
2 0.4921875 0.7578125 0.04765625 0.15078125
2 0.3921875 0.3953125 0.02109375 0.0625
2 0.38828125 0.6046875 0.02890625 0.09296875
2 0.5796875 0.9421875 0.0890625 0.1109375
2 0.434375 0.54140625 0.0265625 0.078125
2 0.4578125 0.94140625 0.0625 0.11328125
2 0.0515625 0.49140625 0.03984375 0.06640625
2 0.4 0.2875 0.025 0.02890625
2 0.20546875 0.3390625 0.0140625 0.0421875
2 0.809375 0.98203125 0.09609375 0.03125
2 0.703125 0.98671875 0.0765625 0.021875
2 0.37265625 0.2796875 0.0203125 0.0265625
2 0.3546875 0.28359375 0.0234375 0.03359375