2 0.22578125 0.9390625 0.07109375 0.11796875
2 0.371875 0.7734375 0.0515625 0.15546875
2 0.53984375 0.8875 0.0578125 0.184375
2 0.41875 0.89296875 0.0671875 0.19140625
2 0.090625 0.7234375 0.04609375 0.1265625
2 0.49453125 0.72109375 0.0484375 0.121875
2 0.740625 0.90703125 0.06875 0.1734375
2 0.6859375 0.93671875 0.0796875 0.121875
2 0.5625 0.69296875 0.05 0.12890625
2 0.53046875 0.5640625 0.0359375 0.10234375
2 0.446875 0.628125 0.0359375 0.1046875
2 0.5828125 0.6109375 0.03359375 0.115625
2 0.06640625 0.4609375 0.025 0.0734375
2 0.09375 0.46328125 0.02734375 0.0640625
2 0.4875 0.55 0.02734375 0.08203125
2 0.0765625 0.6234375 0.03359375 0.078125
2 0.5078125 0.5265625 0.0234375 0.084375
2 0.40859375 0.4875 0.02265625 0.08203125
2 0.1734375 0.35 0.01484375 0.05078125
2 0.44375 0.46328125 0.025 0.06875
2 0.375 0.55859375 0.025 0.08203125
2 0.4671875 0.59453125 0.025 0.09140625
2 0.34375 0.35546875 0.0125 0.04453125
2 0.35546875 0.36796875 0.01640625 0.06015625
2 0.4578125 0.42578125 0.01484375 0.0640625
2 0.571875 0.52421875 0.03359375 0.0796875
2 0.3703125 0.45546875 0.02109375 0.0625
2 0.3765625 0.39921875 0.02109375 0.05078125
2 0.3890625 0.51328125 0.0234375 0.0796875
1 0.26875 0.61640625 0.14765625 0.2421875
1 0.8921875 0.73359375 0.2140625 0.253125
1 0.9296875 0.93125 0.1375 0.13359375
1 0.7171875 0.69765625 0.16875 0.23125
1 0.6375 0.45859375 0.1046875 0.13984375