2 0.2203125 0.93359375 0.0625 0.12890625
2 0.784375 0.84296875 0.07890625 0.1890625
2 0.26171875 0.8359375 0.05859375 0.15546875
2 0.409375 0.7796875 0.05859375 0.16015625
2 0.17109375 0.4625 0.025 0.07109375
2 0.5390625 0.61875 0.04140625 0.11796875
2 0.625 0.5234375 0.03515625 0.0953125
2 0.6328125 0.821875 0.06875 0.18203125
2 0.7453125 0.67109375 0.05625 0.12421875
2 0.5671875 0.47578125 0.02890625 0.07578125
2 0.13515625 0.48359375 0.025 0.078125
2 0.2796875 0.69921875 0.04140625 0.1359375
2 0.58984375 0.4609375 0.0203125 0.0640625
2 0.5390625 0.3875 0.01640625 0.05078125
2 0.6125 0.69296875 0.0546875 0.10703125
2 0.43515625 0.44921875 0.0203125 0.07109375
2 0.4796875 0.4734375 0.02109375 0.07109375
2 0.2171875 0.4703125 0.0234375 0.0734375
2 0.4125 0.4046875 0.0171875 0.0625
2 0.384375 0.37578125 0.01875 0.0625
2 0.36015625 0.39921875 0.0203125 0.05546875
2 0.04609375 0.4078125 0.0375 0.05078125
2 0.4484375 0.4078125 0.0203125 0.05546875
2 0.4921875 0.41875 0.0171875 0.05546875
2 0.5078125 0.38125 0.01875 0.05078125
2 0.07109375 0.40078125 0.0375 0.0421875
2 0.4625 0.378125 0.0171875 0.053125
2 0.71953125 0.59296875 0.0390625 0.07578125
2 0.39296875 0.3109375 0.0140625 0.04453125
2 0.3296875 0.2875 0.0109375 0.0421875
2 0.43046875 0.36875 0.01640625 0.04921875
2 0.3515625 0.3703125 0.01484375 0.046875
2 0.62265625 0.43671875 0.02265625 0.05078125
1 0.5765625 0.9046875 0.2609375 0.18671875