2 0.1765625 0.60859375 0.0328125 0.1109375
2 0.18359375 0.321875 0.0203125 0.04921875
2 0.5546875 0.27109375 0.02265625 0.0359375
2 0.196875 0.4734375 0.0234375 0.07109375
2 0.22734375 0.4875 0.02265625 0.06875
2 0.153125 0.5125 0.0234375 0.078125
2 0.49765625 0.278125 0.02734375 0.03984375
2 0.13984375 0.3234375 0.02734375 0.046875
2 0.2265625 0.28203125 0.0203125 0.0359375
2 0.5296875 0.2609375 0.01875 0.03359375
2 0.18671875 0.28984375 0.01875 0.02890625
2 0.00390625 0.5546875 0.0078125 0.0640625
1 0.328125 0.75234375 0.1765625 0.33125