2 0.2578125 0.67109375 0.04140625 0.12890625
2 0.5578125 0.94765625 0.07109375 0.1
2 0.5859375 0.60546875 0.0421875 0.11328125
2 0.39609375 0.52890625 0.0328125 0.09296875
2 0.49140625 0.684375 0.03984375 0.12890625
2 0.31640625 0.803125 0.05234375 0.1578125
2 0.440625 0.62109375 0.0359375 0.11328125
2 0.88828125 0.82109375 0.08125 0.17109375
2 0.81328125 0.84921875 0.09375 0.2046875
2 0.46953125 0.4375 0.0234375 0.06640625
2 0.47890625 0.36015625 0.0171875 0.053125
2 0.18359375 0.3265625 0.0125 0.0359375
2 0.565625 0.26015625 0.0140625 0.021875
2 0.98203125 0.96015625 0.03359375 0.07578125
2 0.55078125 0.46015625 0.0234375 0.06640625
2 0.3671875 0.34296875 0.01484375 0.06875
2 0.40625 0.434375 0.02265625 0.06875
2 0.4515625 0.52890625 0.025 0.084375
2 0.90234375 0.96015625 0.11015625 0.07578125
2 0.50078125 0.37109375 0.01640625 0.04921875
2 0.44765625 0.46640625 0.02734375 0.07109375
2 0.5015625 0.43125 0.02265625 0.06640625
2 0.38515625 0.4546875 0.0203125 0.0640625
2 0.53046875 0.55 0.03125 0.06015625
2 0.51796875 0.46796875 0.02890625 0.0640625
2 0.5359375 0.6265625 0.04765625 0.12890625
1 0.18984375 0.415625 0.06015625 0.1109375
1 0.5953125 0.42109375 0.0796875 0.121875