2 0.2125 0.565625 0.0296875 0.08671875
2 0.3265625 0.6125 0.0453125 0.11328125
2 0.0796875 0.70546875 0.0453125 0.1265625
2 0.36015625 0.27890625 0.025 0.03359375
2 0.171875 0.353125 0.01640625 0.04921875
2 0.1390625 0.328125 0.01484375 0.02890625
2 0.04609375 0.40859375 0.03984375 0.04921875
2 0.31796875 0.2796875 0.01875 0.03125
2 0.4953125 0.296875 0.01484375 0.02890625
2 0.0734375 0.39453125 0.03359375 0.05078125
2 0.21015625 0.2890625 0.025 0.0265625
2 0.56015625 0.26875 0.0171875 0.0265625
1 0.53984375 0.2640625 0.0546875 0.0359375
1 0.21484375 0.38984375 0.05234375 0.08203125