2 0.4359375 0.65703125 0.03984375 0.11796875
2 0.38125 0.41015625 0.0203125 0.06015625
2 0.4859375 0.76796875 0.0515625 0.1578125
2 0.7109375 0.94296875 0.08515625 0.10859375
2 0.40546875 0.3890625 0.01875 0.053125
2 0.4359375 0.41015625 0.01875 0.06015625
2 0.46875 0.27421875 0.02265625 0.02421875
2 0.175 0.34921875 0.01484375 0.03984375
2 0.5671875 0.28203125 0.02109375 0.021875
2 0.46875 0.9546875 0.0671875 0.08671875
2 0.3578125 0.28671875 0.02890625 0.0359375
2 0.53984375 0.271875 0.02265625 0.02421875
2 0.3203125 0.284375 0.025 0.0359375
2 0.48046875 0.246875 0.00859375 0.021875
2 0.42109375 0.28359375 0.02265625 0.0375
2 0.4390625 0.28359375 0.02109375 0.02890625
2 0.51875 0.2703125 0.0203125 0.02421875
2 0.38671875 0.27578125 0.01875 0.0359375
2 0.1328125 0.3234375 0.0171875 0.02890625
1 0.6765625 0.52109375 0.1296875 0.14453125
1 0.5375 0.4375 0.0828125 0.12890625
1 0.909375 0.79296875 0.17890625 0.2890625
1 0.45859375 0.35703125 0.0453125 0.06875