2 0.19453125 0.65546875 0.0359375 0.12421875
2 0.5296875 0.915625 0.0640625 0.1640625
2 0.33515625 0.878125 0.0578125 0.1734375
2 0.64765625 0.95703125 0.0828125 0.08203125
2 0.44609375 0.7921875 0.05234375 0.153125
2 0.559375 0.70234375 0.04375 0.1375
2 0.428125 0.6125 0.03359375 0.1046875
2 0.6296875 0.5921875 0.03984375 0.10859375
2 0.48046875 0.5890625 0.03359375 0.10703125
2 0.5296875 0.5109375 0.02890625 0.084375
2 0.2015625 0.42421875 0.01875 0.06640625
2 0.35546875 0.32890625 0.0140625 0.04453125
2 0.6921875 0.75234375 0.05390625 0.14453125
2 0.3734375 0.35078125 0.01640625 0.053125
2 0.43671875 0.47578125 0.0234375 0.07578125
2 0.85390625 0.91796875 0.06484375 0.16015625
2 0.46484375 0.44765625 0.025 0.0734375
2 0.3953125 0.45 0.0234375 0.078125
2 0.71484375 0.69921875 0.0328125 0.1265625
2 0.61640625 0.81796875 0.0625 0.1421875
2 0.43359375 0.3640625 0.01484375 0.04921875
2 0.18828125 0.4125 0.0140625 0.05078125
2 0.40625 0.38125 0.0203125 0.05078125
2 0.784375 0.9640625 0.0859375 0.06640625
2 0.4890625 0.5078125 0.02890625 0.0734375
1 0.80859375 0.653125 0.1828125 0.21328125
1 0.57265625 0.40859375 0.06484375 0.09296875