2 0.484375 0.48203125 0.0234375 0.0796875
2 0.6703125 0.80078125 0.0625 0.1625
2 0.37890625 0.39140625 0.0203125 0.053125
2 0.84453125 0.83984375 0.0859375 0.18203125
2 0.42734375 0.4390625 0.025 0.06875
2 0.42890625 0.31015625 0.0125 0.0421875
2 0.346875 0.3875 0.01640625 0.05078125
2 0.540625 0.2625 0.0140625 0.0265625
2 0.046875 0.40859375 0.0390625 0.04921875
2 0.07265625 0.40078125 0.03515625 0.0375
2 0.8890625 0.7453125 0.07265625 0.14453125
2 0.38046875 0.3078125 0.0109375 0.0375
1 0.0328125 0.5390625 0.065625 0.1375
1 0.1921875 0.396875 0.0546875 0.08671875
1 0.4921875 0.3578125 0.05390625 0.09296875