2 0.3765625 0.8421875 0.0515625 0.1734375
2 0.6015625 0.7296875 0.0546875 0.14921875
2 0.5234375 0.67109375 0.03984375 0.1203125
2 0.4953125 0.51796875 0.0265625 0.084375
2 0.4046875 0.446875 0.02265625 0.06640625
2 0.5796875 0.5890625 0.0359375 0.10234375
2 0.54296875 0.48125 0.0265625 0.078125
2 0.56875 0.41015625 0.0171875 0.05078125
2 0.365625 0.6734375 0.04140625 0.10234375
2 0.20546875 0.3625 0.0140625 0.03984375
2 0.23984375 0.4140625 0.0171875 0.05546875
2 0.52734375 0.4390625 0.02734375 0.06875
2 0.45234375 0.4390625 0.02265625 0.06875
2 0.04609375 0.4078125 0.03984375 0.05078125
2 0.42734375 0.38203125 0.0171875 0.0578125
2 0.07265625 0.396875 0.03515625 0.05078125
2 0.3765625 0.471875 0.02109375 0.06015625
2 0.46875 0.40078125 0.01484375 0.05078125
2 0.48671875 0.4421875 0.0265625 0.0625
2 0.153125 0.41640625 0.01875 0.05078125
2 0.16171875 0.384375 0.01640625 0.04921875
2 0.1984375 0.42109375 0.0203125 0.0421875
1 0.18046875 0.48203125 0.07109375 0.1203125
1 0.65390625 0.54765625 0.11484375 0.153125
1 0.0328125 0.5390625 0.065625 0.1375
1 0.92734375 0.83671875 0.1421875 0.321875