0 0.1953125 0.25 0.0671875 0.0734375
2 0.5828125 0.94296875 0.075 0.10859375
2 0.4828125 0.73125 0.05 0.15078125
2 0.1328125 0.5234375 0.025 0.0734375
2 0.75546875 0.6078125 0.0484375 0.11328125
2 0.5515625 0.5890625 0.04375 0.115625
2 0.44140625 0.571875 0.0328125 0.1
2 0.0484375 0.55234375 0.0234375 0.0734375
2 0.47421875 0.50859375 0.02890625 0.09296875
2 0.271875 0.49453125 0.05625 0.0640625
2 0.6359375 0.76640625 0.0640625 0.15078125
2 0.625 0.48203125 0.0328125 0.0359375
2 0.7046875 0.9296875 0.075 0.1359375
2 0.3890625 0.44765625 0.02265625 0.0734375
2 0.42734375 0.403125 0.0171875 0.05546875
2 0.7359375 0.796875 0.06484375 0.14921875
2 0.5078125 0.44921875 0.025 0.07109375
2 0.3671875 0.371875 0.01875 0.05078125
2 0.496875 0.2546875 0.0109375 0.02890625
2 0.4234375 0.4890625 0.02734375 0.0796875
2 0.4203125 0.25703125 0.00859375 0.02890625
2 0.32265625 0.34296875 0.0171875 0.06015625
2 0.39765625 0.39921875 0.0171875 0.046875
2 0.4703125 0.3921875 0.0203125 0.046875
2 0.39296875 0.3296875 0.0140625 0.0421875
2 0.4515625 0.25546875 0.00859375 0.03125
1 0.23125 0.571875 0.09765625 0.1578125
1 0.565625 0.3953125 0.0640625 0.084375
1 0.66796875 0.5921875 0.1359375 0.20234375