2 0.2609375 0.76640625 0.0453125 0.13359375
2 0.4359375 0.8 0.04609375 0.13359375
2 0.5296875 0.9296875 0.06484375 0.1359375
2 0.3671875 0.5390625 0.02890625 0.08671875
2 0.64453125 0.77421875 0.05390625 0.153125
2 0.20546875 0.4890625 0.02890625 0.07578125
2 0.51953125 0.7125 0.04140625 0.121875
2 0.421875 0.53671875 0.03359375 0.1
2 0.7140625 0.6234375 0.03984375 0.11328125
2 0.45546875 0.50546875 0.0265625 0.09140625
2 0.18984375 0.334375 0.0171875 0.0421875
2 0.15 0.44140625 0.0203125 0.0640625
2 0.67578125 0.646875 0.04609375 0.1109375
2 0.4453125 0.434375 0.025 0.06015625
2 0.7109375 0.93359375 0.0859375 0.12890625
2 0.8625 0.92421875 0.0953125 0.146875
2 0.5125 0.52890625 0.02734375 0.06640625
2 0.384375 0.27890625 0.00859375 0.0375
2 0.40703125 0.478125 0.02109375 0.0625
2 0.51484375 0.44453125 0.02265625 0.04453125
2 0.5296875 0.6125 0.0390625 0.1046875
2 0.1234375 0.32109375 0.0125 0.03359375
2 0.5109375 0.496875 0.03125 0.0734375
1 0.54140625 0.38359375 0.0625 0.078125
1 0.46640625 0.2890625 0.03515625 0.0578125