0 0.3703125 0.21015625 0.02109375 0.0375
2 0.52421875 0.38125 0.01640625 0.046875
2 0.453125 0.37578125 0.01875 0.0625
2 0.4015625 0.31328125 0.0140625 0.04453125
2 0.37421875 0.30859375 0.0140625 0.04453125
2 0.1609375 0.38203125 0.01484375 0.04453125
2 0.046875 0.4078125 0.0390625 0.05078125
2 0.071875 0.396875 0.0359375 0.046875
2 0.4296875 0.32578125 0.0140625 0.05078125
2 0.5671875 0.26875 0.01640625 0.021875
2 0.3515625 0.3 0.0109375 0.0359375
2 0.5296875 0.28125 0.00859375 0.02421875
1 0.40859375 0.84453125 0.23984375 0.30703125
1 0.2015625 0.49453125 0.06875 0.121875
1 0.2296875 0.3453125 0.0375 0.06015625