2 0.1578125 0.59453125 0.0296875 0.0953125
2 0.21640625 0.4296875 0.02265625 0.06875
2 0.184375 0.38125 0.01875 0.05546875
2 0.1765625 0.48203125 0.02890625 0.0796875
2 0.37421875 0.28984375 0.0234375 0.02890625
2 0.321875 0.37578125 0.01875 0.04453125
2 0.48984375 0.278125 0.02265625 0.0265625
2 0.171875 0.3359375 0.0140625 0.03125
2 0.4546875 0.28671875 0.025 0.021875
2 0.2171875 0.36640625 0.0109375 0.03125
2 0.1875 0.35078125 0.0171875 0.0359375
2 0.3171875 0.29140625 0.01484375 0.0359375
1 0.29140625 0.7390625 0.1828125 0.34921875
1 0.54140625 0.2578125 0.05 0.03984375