0 0.19921875 0.25546875 0.08359375 0.0890625
2 0.4203125 0.71640625 0.03984375 0.13984375
2 0.1640625 0.496875 0.0265625 0.078125
2 0.2515625 0.84140625 0.04765625 0.17578125
2 0.1953125 0.36875 0.01640625 0.04453125
2 0.2015625 0.478125 0.025 0.06640625
2 0.17578125 0.3390625 0.0140625 0.0375
2 0.4421875 0.27890625 0.025 0.0375
2 0.4015625 0.28203125 0.025 0.0359375
2 0.15390625 0.303125 0.02734375 0.03359375
2 0.48046875 0.2796875 0.0234375 0.0359375
2 0.56171875 0.27109375 0.0234375 0.0359375
2 0.23984375 0.33125 0.0125 0.0359375
2 0.2328125 0.3375 0.0140625 0.0359375
2 0.375 0.271875 0.0171875 0.0375