2 0.1640625 0.9 0.0703125 0.1953125
2 0.43046875 0.81875 0.0515625 0.16640625
2 0.2703125 0.578125 0.0359375 0.10234375
2 0.61328125 0.81796875 0.05859375 0.15078125
2 0.7578125 0.91015625 0.0734375 0.17578125
2 0.19921875 0.6234375 0.0359375 0.10859375
2 0.49140625 0.70234375 0.0453125 0.1375
2 0.7859375 0.65546875 0.0578125 0.1203125
2 0.62421875 0.584375 0.03359375 0.09765625
2 0.4234375 0.628125 0.0390625 0.1046875
2 0.8859375 0.9453125 0.0625 0.1046875
2 0.8609375 0.7703125 0.0671875 0.153125
2 0.5421875 0.57109375 0.03515625 0.10234375
2 0.4546875 0.51875 0.0296875 0.08203125
2 0.58515625 0.64921875 0.0421875 0.1203125
2 0.37578125 0.4375 0.02109375 0.0625
2 0.19453125 0.44140625 0.01640625 0.05546875
2 0.39921875 0.4890625 0.0265625 0.0796875
2 0.73828125 0.6921875 0.0515625 0.11796875
2 0.5078125 0.51328125 0.02890625 0.0890625
2 0.6859375 0.59140625 0.03515625 0.1109375
2 0.4046875 0.37421875 0.01484375 0.05546875
2 0.67734375 0.78203125 0.0546875 0.1734375
2 0.7359375 0.58203125 0.04375 0.0796875
2 0.3515625 0.39296875 0.01640625 0.04921875
2 0.33671875 0.36015625 0.01640625 0.053125
2 0.42265625 0.47578125 0.02265625 0.07109375
2 0.58046875 0.51015625 0.03125 0.078125
2 0.1046875 0.42109375 0.02890625 0.06015625
2 0.6890625 0.9796875 0.0875 0.0359375
2 0.38515625 0.3765625 0.0171875 0.0640625
2 0.5546875 0.47890625 0.02265625 0.06875
2 0.6421875 0.51875 0.025 0.0734375
2 0.3671875 0.36015625 0.0125 0.03984375
2 0.51015625 0.40078125 0.0171875 0.05078125
2 0.20625 0.52421875 0.02734375 0.0578125
2 0.6671875 0.6890625 0.04609375 0.10703125
2 0.440625 0.45 0.01875 0.06015625
2 0.5890625 0.4546875 0.0140625 0.0421875
2 0.47734375 0.434375 0.01484375 0.06015625
2 0.1609375 0.32578125 0.01640625 0.0421875
1 0.55234375 0.3765625 0.0546875 0.078125
1 0.2109375 0.38359375 0.05234375 0.0734375