0 0.46953125 0.328125 0.0515625 0.09140625
2 0.89765625 0.7421875 0.075 0.1421875
2 0.24375 0.6046875 0.0328125 0.10703125
2 0.82109375 0.765625 0.0703125 0.14921875
2 0.5828125 0.89921875 0.06484375 0.19296875
2 0.60859375 0.528125 0.03515625 0.0953125
2 0.659375 0.65234375 0.04609375 0.121875
2 0.21796875 0.4609375 0.0265625 0.0734375
2 0.3578125 0.3953125 0.01875 0.053125
2 0.790625 0.9296875 0.0890625 0.1359375
2 0.16875 0.43125 0.0203125 0.0578125
2 0.5484375 0.46328125 0.02109375 0.0640625
2 0.5828125 0.43984375 0.0265625 0.084375
2 0.39921875 0.44296875 0.0234375 0.06875
2 0.4546875 0.446875 0.025 0.07578125
2 0.378125 0.365625 0.01875 0.05546875
2 0.16796875 0.3265625 0.01640625 0.03984375
2 0.35703125 0.3109375 0.0109375 0.03984375
2 0.40859375 0.3875 0.0203125 0.05546875
2 0.44375 0.40546875 0.0171875 0.05078125
2 0.3875 0.34765625 0.01484375 0.046875
2 0.44453125 0.3875 0.01875 0.06875
2 0.42421875 0.35546875 0.0140625 0.04921875