2 0.40703125 0.60546875 0.03359375 0.11796875
2 0.4671875 0.58125 0.0359375 0.10859375
2 0.51875 0.88984375 0.0546875 0.16640625
2 0.7078125 0.93125 0.0765625 0.13359375
2 0.55234375 0.784375 0.0421875 0.146875
2 0.7953125 0.94296875 0.0828125 0.10859375
2 0.5984375 0.5765625 0.03984375 0.1
2 0.53359375 0.596875 0.03515625 0.08203125
2 0.4171875 0.46796875 0.02265625 0.06875
2 0.171875 0.3234375 0.01640625 0.0421875
2 0.49765625 0.4953125 0.025 0.0796875
2 0.3734375 0.51328125 0.0265625 0.07578125
2 0.4921875 0.371875 0.01640625 0.0421875
2 0.55859375 0.4125 0.0171875 0.05546875
2 0.6515625 0.65703125 0.04765625 0.11328125
2 0.96328125 0.8421875 0.07109375 0.13359375
2 0.34921875 0.46015625 0.01640625 0.06640625
2 0.7578125 0.7765625 0.06484375 0.1265625
2 0.4640625 0.5046875 0.02734375 0.06640625
2 0.396875 0.42578125 0.01875 0.0640625
2 0.5203125 0.48125 0.02265625 0.0640625
2 0.6421875 0.7703125 0.05625 0.1625
2 0.32265625 0.37421875 0.0171875 0.0421875
2 0.096875 0.41875 0.02890625 0.0640625
2 0.4328125 0.4296875 0.0171875 0.06015625
2 0.1078125 0.421875 0.02265625 0.053125
3 0.5296875 0.33359375 0.0578125 0.115625
1 0.7671875 0.596875 0.1359375 0.1796875
1 0.20234375 0.35703125 0.0421875 0.0640625
1 0.621875 0.44140625 0.0890625 0.1359375