2 0.44375 0.2921875 0.0125 0.0375
2 0.1890625 0.44140625 0.0203125 0.0640625
2 0.2078125 0.36328125 0.01640625 0.046875
2 0.3859375 0.28125 0.0125 0.0375
2 0.04609375 0.40859375 0.03984375 0.04921875
2 0.1890625 0.3734375 0.01484375 0.04453125
2 0.34296875 0.28203125 0.0109375 0.03125
2 0.17734375 0.334375 0.0125 0.0375
2 0.35703125 0.30859375 0.0109375 0.03125
2 0.2296875 0.4765625 0.02265625 0.0375
2 0.509375 0.2578125 0.00859375 0.021875
2 0.07109375 0.40078125 0.0375 0.0421875
1 0.246875 0.6125 0.13125 0.246875
1 0.02265625 0.571875 0.0453125 0.14453125