2 0.2671875 0.746875 0.0546875 0.16015625
2 0.59765625 0.76875 0.0578125 0.15546875
2 0.459375 0.3875 0.01875 0.05546875
2 0.5609375 0.4296875 0.02109375 0.0640625
2 0.39296875 0.3234375 0.01640625 0.0421875
2 0.4625 0.30859375 0.01015625 0.03125
2 0.5015625 0.34765625 0.0140625 0.0421875
2 0.43828125 0.31328125 0.0140625 0.03984375
2 0.321875 0.37578125 0.01640625 0.04453125
2 0.34296875 0.28984375 0.0109375 0.02890625
2 0.3578125 0.30703125 0.0109375 0.0359375
2 0.42109375 0.3859375 0.0171875 0.05078125
2 0.4171875 0.31640625 0.01015625 0.03359375
2 0.5203125 0.37109375 0.01640625 0.04921875
1 0.1796875 0.4859375 0.07890625 0.1578125
1 0.1984375 0.3796875 0.0484375 0.07109375