2 0.3046875 0.71640625 0.0421875 0.1359375
2 0.17578125 0.396875 0.01640625 0.05078125
2 0.24921875 0.571875 0.0390625 0.1
2 0.43359375 0.8765625 0.07265625 0.19296875
2 0.45 0.28359375 0.01015625 0.03359375
2 0.475 0.27890625 0.01015625 0.02890625
2 0.57578125 0.2765625 0.02109375 0.03359375
2 0.17109375 0.33125 0.01484375 0.0359375
2 0.2109375 0.371875 0.01640625 0.0421875
2 0.4390625 0.2609375 0.0078125 0.02421875
2 0.53125 0.2859375 0.02265625 0.02421875
2 0.3765625 0.2578125 0.00625 0.0265625
2 0.06484375 0.48984375 0.0296875 0.078125
2 0.40703125 0.25546875 0.00859375 0.0265625
2 0.3421875 0.2578125 0.00859375 0.0265625
2 0.00390625 0.55234375 0.0078125 0.0640625