2 0.39765625 0.90234375 0.0625 0.18671875
2 0.28359375 0.95 0.0625 0.0953125
2 0.3671875 0.61015625 0.0375 0.11796875
2 0.40703125 0.71328125 0.04609375 0.1421875
2 0.48671875 0.9453125 0.06875 0.1046875
2 0.55 0.76875 0.0546875 0.15546875
2 0.4171875 0.53671875 0.0328125 0.09140625
2 0.22265625 0.371875 0.0203125 0.046875
2 0.76015625 0.82109375 0.0796875 0.16640625
2 0.18125 0.37578125 0.01484375 0.04453125
2 0.6125 0.7390625 0.06015625 0.13984375
2 0.37421875 0.48984375 0.0234375 0.06875
2 0.2 0.434375 0.0203125 0.0640625
2 0.52109375 0.6703125 0.0421875 0.11796875
2 0.71796875 0.94453125 0.08359375 0.10703125
2 0.353125 0.40078125 0.01875 0.05078125
2 0.475 0.8109375 0.05234375 0.10703125
2 0.36953125 0.36640625 0.0140625 0.04453125
2 0.496875 0.5453125 0.03359375 0.09140625
2 0.3859375 0.3953125 0.01875 0.0578125
2 0.9140625 0.9640625 0.06484375 0.06640625
2 0.4515625 0.64765625 0.0359375 0.10859375
2 0.63359375 0.91015625 0.0703125 0.17578125
2 0.88046875 0.95546875 0.12890625 0.084375
2 0.5296875 0.4109375 0.0140625 0.04453125
2 0.51640625 0.45703125 0.02265625 0.06875
2 0.4296875 0.41015625 0.01640625 0.06015625
2 0.4484375 0.3921875 0.0171875 0.05546875
2 0.4046875 0.34765625 0.01484375 0.0421875
2 0.49453125 0.46640625 0.0234375 0.04921875
2 0.41171875 0.3734375 0.01640625 0.04453125
2 0.3765625 0.25 0.00625 0.02421875
2 0.41796875 0.4390625 0.01875 0.06015625
1 0.4796875 0.32109375 0.04375 0.05546875
1 0.4421875 0.26015625 0.0265625 0.03984375
1 0.7640625 0.5953125 0.17890625 0.23125