2 0.40234375 0.671875 0.0421875 0.1265625
2 0.4328125 0.55859375 0.0296875 0.0953125
2 0.3078125 0.5734375 0.0359375 0.10234375
2 0.5953125 0.91015625 0.0734375 0.17578125
2 0.45390625 0.96796875 0.0671875 0.06015625
2 0.709375 0.69453125 0.0609375 0.13984375
2 0.51640625 0.52890625 0.03515625 0.09296875
2 0.20234375 0.39296875 0.0203125 0.053125
2 0.98671875 0.915625 0.0234375 0.1640625
2 0.834375 0.89921875 0.0890625 0.19765625
2 0.5703125 0.71640625 0.05390625 0.11796875
2 0.1765625 0.32421875 0.01484375 0.03984375
2 0.42890625 0.2796875 0.02265625 0.03984375
2 0.53515625 0.64296875 0.0453125 0.1265625
2 0.4640625 0.85 0.0609375 0.1578125
2 0.15390625 0.315625 0.0171875 0.0359375
2 0.64453125 0.7203125 0.05859375 0.15546875
2 0.5171875 0.27890625 0.02109375 0.03359375
2 0.196875 0.3 0.0265625 0.0359375
2 0.58203125 0.271875 0.01875 0.0375
2 0.64453125 0.634375 0.0484375 0.078125
1 0.58125 0.4234375 0.075 0.10859375
1 0.72578125 0.565625 0.14140625 0.1796875