0 0.1953125 0.25078125 0.0703125 0.07109375
2 0.88125 0.7140625 0.0671875 0.13125
2 0.26171875 0.93203125 0.05859375 0.13125
2 0.2328125 0.56875 0.02890625 0.0890625
2 0.39375 0.86015625 0.0546875 0.178125
2 0.7890625 0.64765625 0.05625 0.11328125
2 0.1890625 0.46875 0.02109375 0.06640625
2 0.45 0.478125 0.025 0.0796875
2 0.6796875 0.96328125 0.0796875 0.06875
2 0.21328125 0.38125 0.01640625 0.05078125
2 0.515625 0.68359375 0.0515625 0.1359375
2 0.31171875 0.6546875 0.04140625 0.11796875
2 0.4171875 0.51328125 0.03125 0.084375
2 0.7703125 0.91796875 0.0859375 0.16015625
2 0.3796875 0.3703125 0.01484375 0.046875
2 0.4953125 0.57421875 0.02890625 0.08671875
2 0.44609375 0.39140625 0.0171875 0.053125
2 0.3046875 0.4890625 0.0546875 0.07109375
2 0.1703125 0.3890625 0.01484375 0.04921875
2 0.4140625 0.40234375 0.01640625 0.053125
2 0.4640625 0.2578125 0.00859375 0.03125
2 0.3609375 0.3453125 0.0140625 0.0421875
2 0.5421875 0.45 0.0234375 0.06875
2 0.3984375 0.45546875 0.025 0.0625
2 0.48984375 0.5546875 0.03984375 0.121875
2 0.5078125 0.43984375 0.0234375 0.06640625
2 0.484375 0.4546875 0.0234375 0.05546875
2 0.44609375 0.28203125 0.01015625 0.0359375
2 0.41640625 0.32890625 0.0125 0.03984375
2 0.32265625 0.35 0.01484375 0.0421875
2 0.1765625 0.35546875 0.0125 0.0359375
3 0.67734375 0.60546875 0.1921875 0.33125