0 0.571875 0.25 0.0609375 0.05078125
2 0.1890625 0.5890625 0.03359375 0.115625
2 0.28203125 0.696875 0.04375 0.13984375
2 0.1984375 0.39921875 0.0171875 0.05078125
2 0.24453125 0.51328125 0.0265625 0.0890625
2 0.32265625 0.37578125 0.0171875 0.04453125
2 0.3640625 0.28359375 0.02265625 0.02421875
2 0.18125 0.49921875 0.0296875 0.078125
2 0.16953125 0.34765625 0.0140625 0.0375
2 0.42265625 0.28125 0.025 0.03359375
2 0.43984375 0.2796875 0.02734375 0.03125
2 0.5359375 0.27890625 0.02265625 0.03359375
2 0.5890625 0.2765625 0.0203125 0.0375
2 0.3578125 0.9796875 0.0765625 0.0359375