0 0.35078125 0.24765625 0.08359375 0.078125
2 0.25859375 0.7109375 0.0453125 0.13359375
2 0.34765625 0.86640625 0.0625 0.18671875
2 0.56484375 0.27890625 0.02265625 0.03359375
2 0.203125 0.45859375 0.0265625 0.06875
2 0.24765625 0.3640625 0.01484375 0.0625
2 0.190625 0.40078125 0.01875 0.06015625
2 0.39453125 0.28359375 0.03125 0.0421875
2 0.34921875 0.28125 0.0234375 0.03359375
2 0.5203125 0.271875 0.03515625 0.0375
2 0.2578125 0.3578125 0.0140625 0.04921875
2 0.1859375 0.296875 0.0296875 0.03359375