0 0.1953125 0.25078125 0.07265625 0.07109375
2 0.6640625 0.884375 0.0703125 0.1640625
2 0.43359375 0.61328125 0.03515625 0.10703125
2 0.5515625 0.5640625 0.0328125 0.10234375
2 0.51328125 0.59921875 0.0390625 0.1
2 0.48125 0.321875 0.0125 0.03984375
2 0.4859375 0.5 0.03125 0.0796875
2 0.2546875 0.52578125 0.0578125 0.078125
2 0.4046875 0.45546875 0.0203125 0.07109375
2 0.13125 0.43359375 0.02265625 0.053125
2 0.4703125 0.2703125 0.00859375 0.02890625
2 0.49765625 0.3625 0.0171875 0.04921875
2 0.4671875 0.43125 0.02265625 0.06640625
2 0.56171875 0.9375 0.06640625 0.1203125
2 0.53125 0.45703125 0.025 0.0640625
2 0.41640625 0.3234375 0.0125 0.0375
2 0.43203125 0.44765625 0.0234375 0.0734375
2 0.35703125 0.40859375 0.0234375 0.0578125
2 0.40390625 0.33203125 0.01484375 0.046875
2 0.32265625 0.346875 0.01484375 0.053125
2 0.3546875 0.34765625 0.01640625 0.0421875
2 0.53359375 0.3875 0.0171875 0.046875
2 0.378125 0.43203125 0.02109375 0.08203125
2 0.7453125 0.98203125 0.0953125 0.03125
2 0.4546875 0.3953125 0.01484375 0.04453125
2 0.36875 0.35546875 0.01484375 0.03984375
2 0.43359375 0.33671875 0.01484375 0.05546875
1 0.6578125 0.61796875 0.13515625 0.18671875
1 0.87890625 0.87890625 0.23984375 0.2375
1 0.2203125 0.34453125 0.04375 0.0625
1 0.8859375 0.7109375 0.225 0.284375