0 0.8 0.7140625 0.39765625 0.56640625
2 0.43984375 0.5796875 0.03515625 0.10703125
2 0.4953125 0.81796875 0.06875 0.16875
2 0.07890625 0.55859375 0.0328125 0.09140625
2 0.4046875 0.30078125 0.0140625 0.05078125
2 0.2890625 0.74453125 0.05625 0.1734375
2 0.2265625 0.3796875 0.0171875 0.053125
2 0.16328125 0.4 0.01640625 0.053125
2 0.04609375 0.4078125 0.03984375 0.05078125
2 0.07578125 0.39765625 0.02890625 0.04453125
1 0.51484375 0.346875 0.0546875 0.084375
1 0.41015625 0.26328125 0.025 0.0375
1 0.57421875 0.40078125 0.0734375 0.11328125