0 0.2359375 0.24140625 0.04140625 0.05546875
2 0.1765625 0.42109375 0.02109375 0.06015625
2 0.2 0.3765625 0.0171875 0.05546875
2 0.23359375 0.37109375 0.0171875 0.04921875
2 0.1703125 0.3203125 0.0171875 0.03984375
2 0.51640625 0.27578125 0.02265625 0.03125
2 0.44609375 0.2890625 0.025 0.0265625
2 0.3265625 0.2875 0.0234375 0.02421875
2 0.4890625 0.2796875 0.02265625 0.0265625
2 0.34453125 0.98359375 0.0640625 0.02890625
2 0.4125 0.28671875 0.0296875 0.03125
2 0.559375 0.278125 0.02109375 0.0265625
2 0.19921875 0.33671875 0.0140625 0.03359375
2 0.16484375 0.3 0.025 0.03125
2 0.00390625 0.55234375 0.0078125 0.06015625