2 0.42578125 0.27890625 0.0109375 0.0375
2 0.49453125 0.2578125 0.0140625 0.021875
2 0.3796875 0.2703125 0.01015625 0.0375
2 0.04609375 0.4078125 0.03984375 0.05078125
2 0.1984375 0.38671875 0.0171875 0.053125
2 0.1453125 0.32578125 0.01640625 0.02890625
2 0.334375 0.27109375 0.0109375 0.03125
2 0.07109375 0.40078125 0.0375 0.0421875
2 0.390625 0.265625 0.00859375 0.02421875
2 0.21484375 0.421875 0.0171875 0.0796875
2 0.353125 0.296875 0.00859375 0.02421875
2 0.3515625 0.2875 0.0109375 0.0421875
3 0.1859375 0.25 0.0578125 0.08203125
1 0.0171875 0.575 0.034375 0.125
1 0.18828125 0.49140625 0.08125 0.178125