2 0.3109375 0.92421875 0.0671875 0.146875
2 0.45078125 0.75546875 0.0640625 0.1640625
2 0.2875 0.71640625 0.05 0.13984375
2 0.3984375 0.27890625 0.0234375 0.02890625
2 0.32265625 0.37421875 0.0171875 0.046875
2 0.2109375 0.46796875 0.02265625 0.0734375
2 0.4421875 0.28125 0.025 0.03359375
2 0.3546875 0.2859375 0.02890625 0.02890625
2 0.1515625 0.321875 0.02265625 0.0359375
2 0.32421875 0.2921875 0.01875 0.02890625
2 0.1515625 0.38203125 0.01484375 0.04453125
2 0.56328125 0.2796875 0.0234375 0.0265625
2 0.50859375 0.2875 0.0203125 0.0375
2 0.6828125 0.2859375 0.0265625 0.03359375
1 0.18203125 0.39296875 0.05390625 0.09765625