2 0.5015625 0.79453125 0.05 0.1625
2 0.27421875 0.6875 0.04140625 0.1265625
2 0.23671875 0.5953125 0.0359375 0.1109375
2 0.69453125 0.95078125 0.08125 0.09296875
2 0.54140625 0.53203125 0.0328125 0.0953125
2 0.459375 0.60234375 0.03359375 0.10234375
2 0.3796875 0.484375 0.025 0.0796875
2 0.7015625 0.69921875 0.05625 0.14453125
2 0.503125 0.56640625 0.0359375 0.10234375
2 0.42109375 0.55546875 0.0296875 0.09296875
2 0.9796875 0.8078125 0.0375 0.13125
2 0.4546875 0.40859375 0.01875 0.0578125
2 0.5484375 0.2578125 0.0140625 0.0265625
2 0.52265625 0.421875 0.02265625 0.0625
2 0.7515625 0.83203125 0.0734375 0.184375
2 0.17109375 0.32109375 0.01484375 0.03359375
2 0.3671875 0.33984375 0.0109375 0.04921875
2 0.39609375 0.4125 0.0171875 0.06015625
2 0.74140625 0.6546875 0.05 0.121875
2 0.83828125 0.8203125 0.07109375 0.16875
2 0.46875 0.34765625 0.01484375 0.0421875
2 0.1296875 0.321875 0.01875 0.03125
2 0.41640625 0.34296875 0.0125 0.0375
2 0.375 0.4203125 0.0203125 0.053125
2 0.43359375 0.48671875 0.02265625 0.07109375
2 0.49453125 0.4265625 0.0234375 0.053125
2 0.4328125 0.43359375 0.02265625 0.0625
1 0.1921875 0.39453125 0.0546875 0.1
1 0.56953125 0.396875 0.07109375 0.10859375