2 0.27890625 0.9109375 0.0625 0.1734375
2 0.22421875 0.38984375 0.02109375 0.05546875
2 0.1890625 0.465625 0.02109375 0.06015625
2 0.1828125 0.3 0.025 0.0265625
2 0.45 0.27578125 0.0171875 0.0359375
2 0.53671875 0.2765625 0.0234375 0.0375
2 0.3703125 0.28125 0.0234375 0.02890625
2 0.4171875 0.2875 0.03515625 0.02890625
2 0.153125 0.32890625 0.01640625 0.0359375
2 0.4765625 0.28125 0.0265625 0.03359375
2 0.19375 0.41796875 0.02265625 0.0625
2 0.6828125 0.2859375 0.02890625 0.03359375
2 0.3171875 0.29296875 0.01875 0.04453125
1 0.2546875 0.56875 0.1171875 0.2