2 0.20078125 0.60703125 0.0359375 0.10234375
2 0.184375 0.35859375 0.01640625 0.06015625
2 0.2734375 0.7765625 0.05 0.1359375
2 0.4359375 0.91328125 0.0703125 0.16875
2 0.3546875 0.63984375 0.05390625 0.10703125
2 0.2078125 0.353125 0.01640625 0.04921875
2 0.0453125 0.40703125 0.04140625 0.053125
2 0.42890625 0.76328125 0.06484375 0.1359375
2 0.46640625 0.28203125 0.02265625 0.0265625
2 0.19921875 0.32109375 0.01875 0.046875
2 0.32421875 0.2921875 0.01875 0.03359375
2 0.3609375 0.2875 0.02265625 0.02421875
2 0.42734375 0.734375 0.05234375 0.078125
2 0.3453125 0.54921875 0.03515625 0.0625