0 0.58203125 0.45 0.1890625 0.31796875
0 0.425 0.3640625 0.08515625 0.1734375
2 0.18359375 0.36875 0.0171875 0.04921875
2 0.49921875 0.8453125 0.05390625 0.184375
2 0.62265625 0.9609375 0.09765625 0.0734375
2 0.3625 0.284375 0.01015625 0.0359375
2 0.33984375 0.2890625 0.01015625 0.03125
2 0.321875 0.3796875 0.01640625 0.04921875
2 0.35546875 0.3765625 0.0140625 0.0421875
2 0.37890625 0.2375 0.0046875 0.021875
2 0.38125 0.28203125 0.0078125 0.03125
2 0.36640625 0.2578125 0.0078125 0.021875
1 0.95 0.8125 0.09765625 0.2734375