2 0.44296875 0.8875 0.0609375 0.19296875
2 0.24140625 0.70859375 0.0453125 0.13359375
2 0.515625 0.665625 0.04375 0.1265625
2 0.7359375 0.80859375 0.06640625 0.16015625
2 0.52265625 0.93359375 0.0578125 0.12890625
2 0.571875 0.57578125 0.04140625 0.115625
2 0.3734375 0.5765625 0.0328125 0.1046875
2 0.5328125 0.52109375 0.03125 0.08203125
2 0.6390625 0.96640625 0.0625 0.0625
2 0.3546875 0.5203125 0.0234375 0.07578125
2 0.6609375 0.80234375 0.0546875 0.16015625
2 0.6828125 0.684375 0.04609375 0.1203125
2 0.45859375 0.6625 0.0421875 0.13359375
2 0.49765625 0.5578125 0.03515625 0.09296875
2 0.35859375 0.40703125 0.0203125 0.053125
2 0.4421875 0.54765625 0.03125 0.08671875
2 0.62421875 0.68203125 0.04609375 0.09296875
2 0.47265625 0.49140625 0.025 0.084375
2 0.97890625 0.965625 0.0328125 0.0640625
2 0.321875 0.371875 0.01640625 0.046875
2 0.3953125 0.46875 0.0265625 0.07578125
2 0.60234375 0.8109375 0.0671875 0.1203125
2 0.41015625 0.3625 0.0125 0.03984375
2 0.496875 0.4625 0.0234375 0.0625
2 0.10703125 0.41796875 0.02109375 0.0578125
2 0.3921875 0.41015625 0.01875 0.05078125
2 0.4328125 0.4703125 0.0265625 0.05546875
1 0.7546875 0.5796875 0.1578125 0.21328125