2 0.48671875 0.86875 0.05625 0.18203125
2 0.684375 0.8390625 0.05390625 0.1796875
2 0.3953125 0.75859375 0.04375 0.14921875
2 0.5515625 0.76640625 0.04765625 0.146875
2 0.6140625 0.76875 0.0453125 0.13359375
2 0.46640625 0.66796875 0.03984375 0.1265625
2 0.6890625 0.6203125 0.0421875 0.10234375
2 0.34453125 0.41015625 0.01640625 0.06015625
2 0.36875 0.48671875 0.02734375 0.0796875
2 0.4015625 0.628125 0.03984375 0.08671875
2 0.64375 0.9390625 0.0671875 0.11796875
2 0.8234375 0.62421875 0.02890625 0.0796875
2 0.49765625 0.503125 0.025 0.08203125
2 0.5921875 0.61328125 0.04375 0.10703125
2 0.215625 0.4546875 0.02109375 0.05078125
2 0.965625 0.946875 0.06640625 0.10234375
2 0.8328125 0.83671875 0.0796875 0.1796875
2 0.321875 0.37578125 0.01640625 0.04453125
2 0.4484375 0.5359375 0.0265625 0.0890625
2 0.3578125 0.9859375 0.0625 0.02421875
2 0.39765625 0.521875 0.025 0.06640625
2 0.4203125 0.50859375 0.0234375 0.0796875
2 0.4734375 0.4734375 0.01875 0.07109375
2 0.43984375 0.44296875 0.0203125 0.05546875
2 0.67890625 0.5125 0.03515625 0.0734375
2 0.584375 0.54140625 0.03125 0.078125
2 0.5359375 0.64765625 0.03984375 0.0953125
2 0.5390625 0.5390625 0.02109375 0.078125
2 0.409375 0.428125 0.02109375 0.05546875
2 0.4640625 0.403125 0.01484375 0.06015625
2 0.10390625 0.42421875 0.025 0.053125
2 0.8140625 0.9296875 0.08515625 0.1359375
3 0.9140625 0.6921875 0.1703125 0.3890625
1 0.221875 0.5546875 0.10390625 0.153125
1 0.5796875 0.41328125 0.0703125 0.09296875