2 0.49296875 0.7421875 0.04375 0.1421875
2 0.6265625 0.8 0.05859375 0.16875
2 0.8671875 0.95078125 0.09609375 0.09296875
2 0.5734375 0.634375 0.0390625 0.11796875
2 0.64921875 0.5734375 0.0390625 0.09765625
2 0.4671875 0.5234375 0.03125 0.08671875
2 0.8265625 0.79453125 0.0734375 0.17109375
2 0.2046875 0.42578125 0.0203125 0.06015625
2 0.39140625 0.453125 0.0203125 0.06640625
2 0.61640625 0.46015625 0.025 0.0625
2 0.41484375 0.48984375 0.02734375 0.08203125
2 0.4453125 0.384375 0.0171875 0.0625
2 0.2265625 0.4140625 0.0171875 0.05546875
2 0.5390625 0.2578125 0.0125 0.0265625
2 0.3609375 0.33984375 0.0125 0.04453125
2 0.503125 0.3875 0.01875 0.05546875
2 0.04609375 0.4078125 0.03984375 0.05078125
2 0.384375 0.32421875 0.0140625 0.03984375
2 0.5765625 0.4609375 0.0265625 0.06875
2 0.46484375 0.371875 0.01484375 0.05078125
2 0.07265625 0.40078125 0.03515625 0.0375
2 0.50859375 0.5109375 0.0296875 0.0625
2 0.5578125 0.53125 0.02890625 0.07578125
2 0.3328125 0.33359375 0.0140625 0.04921875
2 0.50859375 0.6046875 0.03515625 0.09765625
2 0.478125 0.3625 0.0140625 0.04453125
2 0.5171875 0.34140625 0.0125 0.0375
2 0.4171875 0.4140625 0.0203125 0.05078125
2 0.56484375 0.3921875 0.01484375 0.046875
2 0.5484375 0.46328125 0.02890625 0.06875
2 0.54375 0.40234375 0.02265625 0.04453125
1 0.26171875 0.62109375 0.11875 0.20703125