2 0.6234375 0.88125 0.06875 0.19765625
2 0.71171875 0.6234375 0.04609375 0.11328125
2 0.4796875 0.73203125 0.04765625 0.13984375
2 0.32265625 0.94140625 0.06015625 0.11328125
2 0.7984375 0.90546875 0.08125 0.184375
2 0.41015625 0.5953125 0.0328125 0.10703125
2 0.625 0.5296875 0.0296875 0.09140625
2 0.4875 0.446875 0.02265625 0.0625
2 0.3734375 0.484375 0.02265625 0.07578125
2 0.87578125 0.76875 0.06875 0.15546875
2 0.953125 0.9234375 0.09140625 0.14921875
2 0.453125 0.46640625 0.0234375 0.07578125
2 0.54609375 0.54296875 0.03515625 0.1
2 0.2234375 0.3625 0.0140625 0.03984375
2 0.61640625 0.68671875 0.04765625 0.1203125
2 0.5171875 0.4 0.01875 0.04921875
2 0.41015625 0.3921875 0.01484375 0.06015625
2 0.43125 0.384375 0.0171875 0.0578125
2 0.42890625 0.521875 0.02265625 0.07578125
2 0.3671875 0.3703125 0.01484375 0.05078125
2 0.1609375 0.3234375 0.0171875 0.0421875
2 0.2078125 0.3453125 0.0140625 0.0375
2 0.521875 0.48984375 0.0234375 0.0734375
2 0.07734375 0.45703125 0.02265625 0.06015625
2 0.496875 0.3453125 0.0140625 0.0375
2 0.38515625 0.384375 0.01484375 0.053125
2 0.12109375 0.44296875 0.02265625 0.0640625
2 0.3375 0.74765625 0.04765625 0.14921875
2 0.46640625 0.40546875 0.0171875 0.05078125
2 0.1765625 0.3921875 0.01640625 0.0421875
2 0.2375 0.81796875 0.05 0.16015625
1 0.19375 0.43203125 0.0578125 0.1046875
1 0.5515625 0.37578125 0.0578125 0.07578125