0 0.2203125 0.2421875 0.0640625 0.053125
2 0.21640625 0.51328125 0.0296875 0.0890625
2 0.43125 0.2796875 0.025 0.0359375
2 0.06484375 0.4640625 0.02734375 0.06640625
2 0.3296875 0.2921875 0.025 0.03359375
2 0.1296875 0.4375 0.01875 0.0578125
2 0.13359375 0.43671875 0.03515625 0.06015625
2 0.20703125 0.3546875 0.0140625 0.0375
2 0.3765625 0.2796875 0.02890625 0.04453125
2 0.21171875 0.43984375 0.02109375 0.053125
2 0.2171875 0.3921875 0.01640625 0.05546875
2 0.14375 0.43671875 0.0171875 0.046875
1 0.13046875 0.3046875 0.04375 0.04453125