2 0.3875 0.6 0.0296875 0.10703125
2 0.4953125 0.6359375 0.03984375 0.1203125
2 0.42265625 0.55234375 0.0328125 0.09140625
2 0.3390625 0.6765625 0.03359375 0.10859375
2 0.41640625 0.3390625 0.0125 0.0421875
2 0.4640625 0.3140625 0.0125 0.0375
2 0.56171875 0.58125 0.03359375 0.1
2 0.5890625 0.46328125 0.02265625 0.06875
2 0.38515625 0.2734375 0.01015625 0.03125
2 0.3375 0.2734375 0.01015625 0.0359375
2 0.57890625 0.54140625 0.02265625 0.08671875
2 0.53203125 0.25546875 0.0140625 0.0265625
2 0.43515625 0.24296875 0.0078125 0.0203125
2 0.40546875 0.27421875 0.00859375 0.02421875
2 0.4234375 0.2375 0.00625 0.021875
2 0.35859375 0.26328125 0.0078125 0.02421875
1 0.7078125 0.55859375 0.13984375 0.20234375