2 0.40390625 0.5203125 0.0296875 0.0890625
2 0.78125 0.85234375 0.075 0.17578125
2 0.3609375 0.69296875 0.0484375 0.12421875
2 0.2484375 0.60546875 0.0375 0.09140625
2 0.50703125 0.5734375 0.0359375 0.10234375
2 0.4625 0.5640625 0.0328125 0.10234375
2 0.57734375 0.64140625 0.03984375 0.1265625
2 0.7015625 0.6875 0.04765625 0.11796875
2 0.55859375 0.784375 0.04765625 0.15078125
2 0.42421875 0.384375 0.01875 0.0578125
2 0.3609375 0.296875 0.0125 0.0421875
2 0.5390625 0.42109375 0.025 0.06875
2 0.38203125 0.4109375 0.02109375 0.06640625
2 0.45546875 0.3765625 0.01640625 0.046875
2 0.41640625 0.3109375 0.0125 0.04453125
2 0.32265625 0.37578125 0.0171875 0.04921875
2 0.5046875 0.47109375 0.03125 0.06640625
2 0.67578125 0.60546875 0.03359375 0.08671875
2 0.3703125 0.36640625 0.01484375 0.04453125
2 0.46328125 0.4890625 0.03125 0.04453125
2 0.6 0.4953125 0.02265625 0.0796875
2 0.46640625 0.4421875 0.025 0.0578125
2 0.33046875 0.28125 0.00859375 0.0375
2 0.3984375 0.38984375 0.01640625 0.05078125
2 0.5734375 0.53359375 0.03984375 0.0625
2 0.34375 0.278125 0.0078125 0.03125
1 0.31171875 0.77421875 0.18359375 0.26875
1 0.7640625 0.5890625 0.14375 0.1734375
1 0.96875 0.8640625 0.06015625 0.26640625