0 0.43515625 0.2546875 0.0578125 0.05546875
2 0.25546875 0.92109375 0.05625 0.153125
2 0.23203125 0.5203125 0.0265625 0.0890625
2 0.21640625 0.6390625 0.03984375 0.121875
2 0.2171875 0.41328125 0.02109375 0.0625
2 0.32109375 0.37578125 0.0171875 0.04453125
2 0.1953125 0.3578125 0.0140625 0.04453125
2 0.45390625 0.28125 0.02734375 0.0375
2 0.4140625 0.278125 0.025 0.03984375
2 0.15 0.33125 0.0125 0.03125
2 0.18203125 0.44765625 0.0234375 0.078125
2 0.1828125 0.396875 0.0203125 0.0421875
1 0.53046875 0.26796875 0.05859375 0.0421875