2 0.5046875 0.93203125 0.0640625 0.13125
2 0.3828125 0.4734375 0.01875 0.07109375
2 0.5140625 0.73125 0.05390625 0.15078125
2 0.4203125 0.5046875 0.0265625 0.0796875
2 0.46328125 0.5546875 0.0265625 0.08671875
2 0.5921875 0.6578125 0.04375 0.12421875
2 0.5234375 0.40859375 0.02109375 0.053125
2 0.1875 0.3859375 0.0171875 0.05078125
2 0.3671875 0.396875 0.01875 0.06015625
2 0.659375 0.90859375 0.06640625 0.178125
2 0.5421875 0.53203125 0.02734375 0.08671875
2 0.3921875 0.36640625 0.01640625 0.053125
2 0.69609375 0.83125 0.0453125 0.15078125
2 0.34453125 0.34921875 0.0109375 0.04921875
2 0.53046875 0.25546875 0.0109375 0.0265625
2 0.4828125 0.48984375 0.0265625 0.078125
2 0.98671875 0.9734375 0.0234375 0.04921875
2 0.1453125 0.321875 0.0171875 0.0359375
2 0.56640625 0.51328125 0.025 0.07578125
2 0.7125 0.70546875 0.0375 0.13125
2 0.87890625 0.91796875 0.0953125 0.16015625
2 0.6 0.54453125 0.0328125 0.09296875
2 0.45546875 0.44453125 0.02109375 0.06640625
2 0.2 0.35234375 0.01484375 0.0421875
2 0.47890625 0.4140625 0.0203125 0.046875
1 0.24609375 0.65234375 0.12734375 0.25546875
1 0.65546875 0.4890625 0.09375 0.12890625
1 0.890625 0.7359375 0.21640625 0.32421875