2 0.71640625 0.8921875 0.075 0.19765625
2 0.36953125 0.46015625 0.02109375 0.06640625
2 0.9015625 0.72578125 0.0734375 0.1265625
2 0.3609375 0.57109375 0.0296875 0.09765625
2 0.30546875 0.52109375 0.04609375 0.08671875
2 0.58125 0.67421875 0.04765625 0.1359375
2 0.3953125 0.70703125 0.04140625 0.1203125
2 0.5578125 0.56796875 0.0390625 0.09140625
2 0.475 0.715625 0.03984375 0.1203125
2 0.53203125 0.7734375 0.05390625 0.15078125
2 0.2109375 0.45 0.0234375 0.06875
2 0.42578125 0.65859375 0.03359375 0.121875
2 0.503125 0.9703125 0.05859375 0.05546875
2 0.5015625 0.65 0.03359375 0.11796875
2 0.61953125 0.82890625 0.05859375 0.1734375
2 0.46953125 0.4765625 0.02109375 0.0734375
2 0.56328125 0.91875 0.06640625 0.1578125
2 0.4046875 0.47890625 0.0265625 0.078125
2 0.459375 0.5796875 0.0359375 0.09765625
2 0.66796875 0.9578125 0.06640625 0.0796875
2 0.57421875 0.27109375 0.03125 0.04921875
2 0.41796875 0.43359375 0.0234375 0.06640625
2 0.53046875 0.27109375 0.02109375 0.03125
2 0.046875 0.4078125 0.0390625 0.05078125
2 0.83828125 0.978125 0.0390625 0.03984375
2 0.4515625 0.2859375 0.0421875 0.0375
2 0.41015625 0.2796875 0.02265625 0.0359375
2 0.07109375 0.40078125 0.0375 0.0421875
2 0.49921875 0.2796875 0.02109375 0.0359375
2 0.9046875 0.91640625 0.0984375 0.1625
2 0.8203125 0.93203125 0.0765625 0.13125