2 0.6578125 0.83203125 0.0703125 0.17578125
2 0.44140625 0.56875 0.0328125 0.09296875
2 0.18828125 0.6921875 0.0390625 0.11796875
2 0.403125 0.46796875 0.0265625 0.078125
2 0.559375 0.71640625 0.04609375 0.14453125
2 0.42109375 0.41015625 0.0171875 0.06015625
2 0.48671875 0.415625 0.02109375 0.0625
2 0.43125 0.3265625 0.0125 0.03984375
2 0.53671875 0.51328125 0.03125 0.09296875
2 0.5703125 0.4359375 0.02265625 0.0625
2 0.3984375 0.33359375 0.0140625 0.03984375
2 0.5125 0.54765625 0.0328125 0.08671875
2 0.378125 0.30546875 0.0109375 0.03359375
2 0.446875 0.23984375 0.01640625 0.03125
2 0.16875 0.334375 0.01484375 0.03359375
2 0.4265625 0.25546875 0.00625 0.01796875
1 0.18828125 0.49453125 0.08125 0.1578125