2 0.275 0.7421875 0.0421875 0.12890625
2 0.16484375 0.4421875 0.03984375 0.07109375
2 0.4015625 0.27890625 0.025 0.0375
2 0.55234375 0.278125 0.02265625 0.0265625
2 0.35234375 0.2859375 0.025 0.02890625
2 0.578125 0.27109375 0.0234375 0.03125
2 0.1640625 0.29765625 0.0265625 0.0359375
2 0.49140625 0.24921875 0.01015625 0.01796875
2 0.32734375 0.2953125 0.025 0.03125
2 0.1203125 0.30546875 0.02265625 0.02890625
2 0.6828125 0.2859375 0.0265625 0.03359375
1 0.46171875 0.27109375 0.04609375 0.0359375