2 0.4703125 0.27421875 0.00859375 0.0375
2 0.509375 0.3546875 0.01640625 0.046875
2 0.465625 0.3578125 0.01640625 0.04921875
2 0.3984375 0.35703125 0.01484375 0.05078125
2 0.43984375 0.3796875 0.01484375 0.04453125
2 0.43828125 0.3125 0.0109375 0.0375
2 0.3828125 0.32890625 0.0109375 0.04921875
2 0.18515625 0.3390625 0.01484375 0.0375
2 0.34375 0.28671875 0.01015625 0.03125
2 0.41015625 0.328125 0.0125 0.0421875
2 0.4546875 0.2796875 0.0078125 0.0359375
1 0.1984375 0.3890625 0.05390625 0.0796875