2 0.87265625 0.75078125 0.07265625 0.15078125
2 0.44609375 0.753125 0.0421875 0.1375
2 0.62421875 0.84765625 0.0640625 0.1796875
2 0.5140625 0.7953125 0.04765625 0.15546875
2 0.5546875 0.7 0.04765625 0.1421875
2 0.3828125 0.47578125 0.02265625 0.07109375
2 0.7078125 0.9703125 0.0828125 0.05546875
2 0.4828125 0.68359375 0.0375 0.1265625
2 0.3484375 0.4734375 0.02109375 0.07578125
2 0.70078125 0.79453125 0.05390625 0.1625
2 0.8140625 0.915625 0.09140625 0.1640625
2 0.5796875 0.553125 0.0375 0.10234375
2 0.971875 0.96015625 0.05390625 0.07578125
2 0.6390625 0.59140625 0.05234375 0.10234375
2 0.43828125 0.52421875 0.02109375 0.0796875
2 0.32265625 0.3796875 0.0171875 0.053125
2 0.56328125 0.45546875 0.0234375 0.06640625
2 0.47890625 0.57109375 0.0328125 0.06640625
2 0.2546875 0.5203125 0.0328125 0.053125
2 0.4234375 0.6234375 0.0421875 0.0953125
2 0.5140625 0.403125 0.0171875 0.05078125
2 0.4765625 0.39140625 0.0140625 0.04921875
2 0.371875 0.4125 0.01875 0.05078125
2 0.52734375 0.6 0.03515625 0.10703125
2 0.53359375 0.45078125 0.02265625 0.04921875
2 0.08984375 0.415625 0.0171875 0.0625
2 0.63515625 0.72109375 0.0296875 0.06875
2 0.10625 0.42109375 0.02265625 0.05546875
2 0.6265625 0.7078125 0.04765625 0.1
2 0.4734375 0.49921875 0.0234375 0.05546875
2 0.4484375 0.46875 0.0203125 0.0625
2 0.41015625 0.48125 0.025 0.05078125
2 0.54140625 0.55703125 0.0203125 0.078125
2 0.51171875 0.4921875 0.02890625 0.06875
2 0.4109375 0.55234375 0.0296875 0.078125
1 0.2734375 0.6390625 0.13515625 0.19765625
1 0.66171875 0.50234375 0.10390625 0.13359375
1 0.5640625 0.39453125 0.05625 0.1046875