2 0.3390625 0.76328125 0.04765625 0.14921875
2 0.1515625 0.58125 0.03125 0.1
2 0.253125 0.684375 0.0390625 0.13359375
2 0.47734375 0.91796875 0.05234375 0.16015625
2 0.71953125 0.928125 0.0640625 0.13984375
2 0.53984375 0.871875 0.06484375 0.19765625
2 0.3828125 0.64765625 0.0390625 0.11796875
2 0.60546875 0.84921875 0.05859375 0.18203125
2 0.64453125 0.71328125 0.0515625 0.1421875
2 0.42421875 0.503125 0.02890625 0.08203125
2 0.44140625 0.74921875 0.0453125 0.15078125
2 0.37421875 0.39921875 0.01875 0.05546875
2 0.5765625 0.61328125 0.0421875 0.12421875
2 0.6828125 0.55546875 0.03515625 0.0890625
2 0.39609375 0.45703125 0.02265625 0.0640625
2 0.51328125 0.43359375 0.01875 0.0625
2 0.471875 0.5953125 0.03125 0.10234375
2 0.553125 0.2609375 0.01640625 0.02890625
2 0.44140625 0.4453125 0.0203125 0.06015625
2 0.0671875 0.4640625 0.0234375 0.06640625
2 0.3453125 0.32421875 0.0125 0.03984375
2 0.5234375 0.7375 0.04609375 0.10234375
2 0.09375 0.4640625 0.02734375 0.0625
2 0.44609375 0.36875 0.0171875 0.0625
2 0.25 0.9546875 0.0546875 0.08671875
2 0.4453125 0.6421875 0.0421875 0.09765625
2 0.48984375 0.446875 0.0203125 0.0625
2 0.62578125 0.565625 0.0234375 0.0640625
2 0.51796875 0.6953125 0.05859375 0.1734375
2 0.4140625 0.43125 0.01640625 0.0578125
2 0.39921875 0.5859375 0.02890625 0.1
2 0.6984375 0.69765625 0.05625 0.1203125
2 0.70390625 0.80078125 0.0578125 0.11328125
2 0.7453125 0.67578125 0.03515625 0.0890625
2 0.64765625 0.5796875 0.025 0.084375
1 0.8953125 0.7125 0.2078125 0.2421875
1 0.86484375 0.8109375 0.2671875 0.3734375
1 0.57421875 0.46015625 0.0984375 0.1421875
1 0.19609375 0.45546875 0.0703125 0.146875