0 0.1953125 0.2546875 0.0703125 0.078125
2 0.23359375 0.66015625 0.0328125 0.10703125
2 0.21171875 0.4234375 0.01875 0.05546875
2 0.1578125 0.41796875 0.01875 0.06640625
2 0.3921875 0.90859375 0.06640625 0.178125
2 0.2734375 0.55234375 0.0328125 0.08203125
2 0.4453125 0.3453125 0.01484375 0.05546875
2 0.4921875 0.37109375 0.0171875 0.0578125
2 0.04921875 0.9203125 0.06875 0.15546875
2 0.4265625 0.33125 0.0171875 0.04921875
2 0.3421875 0.303125 0.0125 0.0375
2 0.48359375 0.3203125 0.0125 0.0359375
2 0.14609375 0.3140625 0.0171875 0.03359375
2 0.53046875 0.25703125 0.0140625 0.02890625
2 0.3796875 0.31875 0.0125 0.046875
2 0.5515625 0.25546875 0.01640625 0.03125
2 0.4484375 0.3 0.01875 0.03984375