2 0.3640625 0.90703125 0.0609375 0.18203125
2 0.846875 0.80546875 0.0765625 0.17109375
2 0.18671875 0.7390625 0.04140625 0.1265625
2 0.2796875 0.95546875 0.0625 0.084375
2 0.7484375 0.82578125 0.075 0.1796875
2 0.5984375 0.61640625 0.0421875 0.11796875
2 0.4453125 0.5546875 0.0328125 0.0953125
2 0.50390625 0.69453125 0.0421875 0.1359375
2 0.61640625 0.90859375 0.06484375 0.178125
2 0.3890625 0.57578125 0.0296875 0.0890625
2 0.7171875 0.65859375 0.0515625 0.121875
2 0.5203125 0.5875 0.0375 0.11796875
2 0.55234375 0.48359375 0.025 0.078125
2 0.4953125 0.4546875 0.0265625 0.078125
2 0.5234375 0.4078125 0.0171875 0.06015625
2 0.3921875 0.36875 0.02109375 0.07109375
2 0.36484375 0.3734375 0.0171875 0.06640625
2 0.5640625 0.415625 0.02109375 0.0625
2 0.34296875 0.3265625 0.0140625 0.053125
2 0.17421875 0.35546875 0.01875 0.0625
2 0.43515625 0.34453125 0.01484375 0.04921875
2 0.409375 0.52109375 0.0265625 0.078125
2 0.046875 0.4078125 0.0390625 0.05078125
2 0.4765625 0.2640625 0.00859375 0.03125
2 0.6796875 0.56015625 0.0375 0.09296875
2 0.5359375 0.3625 0.01640625 0.04453125
2 0.13125 0.31796875 0.0203125 0.0359375
2 0.61015625 0.43203125 0.0171875 0.05546875
2 0.46796875 0.365625 0.01640625 0.05546875
2 0.59609375 0.47421875 0.02734375 0.0734375
2 0.071875 0.40078125 0.0359375 0.0421875
2 0.4640625 0.28984375 0.01640625 0.0375
2 0.4171875 0.453125 0.02265625 0.0625
2 0.49453125 0.3625 0.01640625 0.04453125
2 0.2359375 0.3296875 0.0171875 0.046875
2 0.47734375 0.3234375 0.0125 0.0375
2 0.4140625 0.40078125 0.0171875 0.06015625