0 0.19453125 0.25234375 0.07109375 0.078125
2 0.91875 0.8375 0.0875 0.178125
2 0.61796875 0.8203125 0.0609375 0.1640625
2 0.53984375 0.90078125 0.0625 0.184375
2 0.4609375 0.5953125 0.03515625 0.1109375
2 0.44453125 0.8609375 0.05390625 0.13125
2 0.8328125 0.69296875 0.05859375 0.1203125
2 0.73671875 0.5734375 0.04140625 0.09296875
2 0.4953125 0.5640625 0.0328125 0.09765625
2 0.55625 0.6375 0.0328125 0.1109375
2 0.55859375 0.4234375 0.0203125 0.06015625
2 0.17734375 0.40546875 0.0171875 0.05546875
2 0.2015625 0.371875 0.0171875 0.05078125
2 0.42734375 0.48125 0.02734375 0.078125
2 0.51640625 0.4609375 0.025 0.06875
2 0.5203125 0.6890625 0.04140625 0.10703125
2 0.39140625 0.33125 0.0171875 0.04921875
2 0.68125 0.9578125 0.075 0.0796875
2 0.63125 0.4875 0.0296875 0.08203125
2 0.3671875 0.3390625 0.0140625 0.046875
2 0.4140625 0.4125 0.0203125 0.06015625
2 0.4578125 0.41328125 0.02265625 0.0578125
2 0.4953125 0.428125 0.01875 0.06015625
2 0.046875 0.40703125 0.04140625 0.053125
2 0.4234375 0.37109375 0.01640625 0.04453125
2 0.334375 0.32109375 0.01875 0.0421875
2 0.3234375 0.34921875 0.0140625 0.04921875
2 0.5671875 0.54296875 0.0265625 0.08671875
2 0.3296875 0.45078125 0.0234375 0.0625
1 0.19765625 0.53125 0.0796875 0.1421875
1 0.78125 0.8359375 0.2453125 0.32421875