2 0.6671875 0.946875 0.08125 0.10234375
2 0.37890625 0.46640625 0.0203125 0.06640625
2 0.55 0.75859375 0.0625 0.1625
2 0.68515625 0.79765625 0.0671875 0.1640625
2 0.58515625 0.67578125 0.0453125 0.1375
2 0.43984375 0.52890625 0.0296875 0.09296875
2 0.5015625 0.665625 0.04140625 0.11328125
2 0.5640625 0.51640625 0.03125 0.08203125
2 0.20625 0.3890625 0.01484375 0.04453125
2 0.97109375 0.953125 0.0453125 0.0890625
2 0.47109375 0.45859375 0.025 0.0734375
2 0.5875 0.421875 0.02265625 0.0578125
2 0.19375 0.3546875 0.0125 0.0375
2 0.53125 0.42109375 0.0203125 0.06015625
2 0.3859375 0.4125 0.0171875 0.05078125
2 0.4234375 0.46796875 0.02265625 0.06875
2 0.51484375 0.484375 0.025 0.053125
2 0.53671875 0.55703125 0.0265625 0.08671875
2 0.3328125 0.3359375 0.0125 0.03984375
2 0.5 0.434375 0.0203125 0.06015625
2 0.2203125 0.3625 0.01640625 0.04453125
2 0.4890625 0.3875 0.01640625 0.05078125
2 0.37734375 0.35234375 0.0125 0.0421875
2 0.39609375 0.37578125 0.01484375 0.04921875
2 0.35078125 0.35 0.0140625 0.046875
2 0.55703125 0.45 0.0234375 0.06015625
2 0.00390625 0.553125 0.0078125 0.0625
1 0.20234375 0.4765625 0.07265625 0.11796875
1 0.40546875 0.8734375 0.2109375 0.24921875
1 0.7046875 0.6546875 0.1671875 0.2109375
1 0.71953125 0.5234375 0.13125 0.17578125