0 0.1953125 0.25078125 0.0703125 0.07578125
2 0.5796875 0.8875 0.05859375 0.184375
2 0.7109375 0.62109375 0.04765625 0.11796875
2 0.4125 0.58984375 0.0296875 0.0953125
2 0.6640625 0.6375 0.04609375 0.12421875
2 0.52109375 0.4078125 0.02265625 0.0640625
2 0.35078125 0.4203125 0.02109375 0.0625
2 0.55546875 0.5078125 0.0265625 0.078125
2 0.61953125 0.52578125 0.03125 0.08671875
2 0.5265625 0.5453125 0.0328125 0.09140625
2 0.4390625 0.54296875 0.0296875 0.09140625
2 0.3734375 0.39140625 0.01640625 0.053125
2 0.16796875 0.3796875 0.01640625 0.04921875
2 0.46015625 0.4 0.0171875 0.0578125
2 0.4890625 0.55859375 0.0375 0.13125
2 0.41484375 0.3859375 0.0171875 0.05546875
2 0.1984375 0.328125 0.01484375 0.05078125
2 0.39765625 0.3625 0.01484375 0.04921875
2 0.39453125 0.48203125 0.0265625 0.084375
2 0.5015625 0.47890625 0.02265625 0.06875
2 0.36328125 0.29453125 0.0109375 0.0375
2 0.43125 0.44921875 0.02265625 0.0625
2 0.34296875 0.2890625 0.0109375 0.0359375
2 0.1984375 0.39765625 0.0234375 0.04921875
2 0.4765625 0.30859375 0.0140625 0.0359375
2 0.2125 0.39765625 0.02265625 0.053125
2 0.440625 0.421875 0.01640625 0.0578125
1 0.19140625 0.49140625 0.0796875 0.15546875
1 0.60625 0.4265625 0.0875 0.1375