0 0.84765625 0.78359375 0.30234375 0.42890625
0 0.1953125 0.25234375 0.07109375 0.078125
2 0.2734375 0.7359375 0.0421875 0.1375
2 0.1921875 0.5609375 0.02734375 0.078125
2 0.675 0.95546875 0.0921875 0.084375
2 0.4234375 0.53203125 0.0296875 0.08203125
2 0.41640625 0.82890625 0.0578125 0.15078125
2 0.590625 0.803125 0.05390625 0.1625
2 0.46953125 0.61875 0.04140625 0.10859375
2 0.29375 0.49296875 0.05 0.07109375
2 0.50859375 0.58671875 0.03515625 0.10703125
2 0.20234375 0.42578125 0.0203125 0.05546875
2 0.3984375 0.69140625 0.04140625 0.10703125
2 0.6078125 0.55859375 0.0359375 0.0953125
2 0.478125 0.4546875 0.0234375 0.078125
2 0.5796875 0.671875 0.05 0.1
2 0.15390625 0.40703125 0.0171875 0.04921875
2 0.565625 0.5703125 0.0390625 0.08671875
2 0.4375 0.45859375 0.02265625 0.06875
2 0.184375 0.37578125 0.01640625 0.04921875
2 0.3890625 0.41328125 0.01875 0.0578125
2 0.3671875 0.384375 0.01640625 0.053125
2 0.1640625 0.33359375 0.0125 0.03125
2 0.32265625 0.35078125 0.01484375 0.04453125
2 0.3296875 0.28125 0.01640625 0.03359375
2 0.434375 0.353125 0.0140625 0.03984375
2 0.4734375 0.27421875 0.01015625 0.02890625
2 0.40390625 0.3296875 0.01484375 0.05078125
2 0.38125 0.34765625 0.0125 0.0421875
2 0.49140625 0.25 0.0078125 0.02421875
2 0.35703125 0.34140625 0.0140625 0.046875
2 0.4609375 0.29921875 0.01015625 0.0375
2 0.43515625 0.40703125 0.02265625 0.04921875
2 0.5640625 0.5046875 0.03359375 0.0578125
2 0.54453125 0.484375 0.01640625 0.0625
2 0.55234375 0.4875 0.0328125 0.0734375
1 0.21796875 0.33984375 0.0390625 0.0578125