0 0.4546875 0.2859375 0.0703125 0.1265625
0 0.3828125 0.28671875 0.0484375 0.09765625
2 0.5140625 0.91796875 0.0609375 0.16015625
2 0.4015625 0.56796875 0.0296875 0.0953125
2 0.3578125 0.4953125 0.02265625 0.07109375
2 0.19921875 0.4546875 0.0234375 0.0640625
2 0.378125 0.37421875 0.01640625 0.05078125
2 0.61484375 0.93203125 0.07265625 0.13125
2 0.68203125 0.57421875 0.04375 0.0953125
2 0.4 0.4453125 0.0203125 0.06015625
2 0.55546875 0.7453125 0.0484375 0.13984375
2 0.32265625 0.37578125 0.0171875 0.04453125
2 0.409375 0.39921875 0.01640625 0.046875
2 0.3421875 0.33125 0.0125 0.03984375
2 0.3484375 0.3234375 0.0125 0.03359375
2 0.35 0.24765625 0.0078125 0.02421875
1 0.8890625 0.703125 0.2203125 0.3
1 0.50234375 0.4390625 0.07265625 0.1046875
1 0.6296875 0.453125 0.09375 0.1375
1 0.97265625 0.92421875 0.05234375 0.146875