0 0.77265625 0.60234375 0.1328125 0.21328125
2 0.60390625 0.94296875 0.0671875 0.10859375
2 0.2953125 0.71015625 0.04140625 0.1265625
2 0.5921875 0.5390625 0.04375 0.10859375
2 0.528125 0.84921875 0.06875 0.16015625
2 0.4734375 0.5765625 0.0328125 0.1046875
2 0.5421875 0.50546875 0.02734375 0.08203125
2 0.6375 0.75546875 0.05 0.1375
2 0.41328125 0.63125 0.0359375 0.10234375
2 0.8625 0.92890625 0.06015625 0.1375
2 0.7671875 0.7421875 0.03984375 0.12421875
2 0.6578125 0.67890625 0.03984375 0.1359375
2 0.515625 0.5375 0.03359375 0.084375
2 0.52890625 0.68203125 0.0453125 0.1203125
2 0.71171875 0.9296875 0.07890625 0.1359375
2 0.4921875 0.46328125 0.02109375 0.0734375
2 0.5890625 0.79140625 0.05234375 0.1109375
2 0.38125 0.5125 0.025 0.08671875
2 0.4390625 0.5375 0.02890625 0.0890625
2 0.42421875 0.36796875 0.01640625 0.05546875
2 0.34453125 0.3578125 0.0109375 0.04921875
2 0.3609375 0.48671875 0.02265625 0.084375
2 0.44609375 0.3859375 0.0203125 0.0640625
2 0.4375 0.75 0.04765625 0.1046875
2 0.32265625 0.384375 0.0203125 0.06640625
2 0.7484375 0.90859375 0.0421875 0.1640625
2 0.18671875 0.3375 0.01875 0.0578125
2 0.828125 0.921875 0.04609375 0.146875
2 0.5703125 0.63671875 0.03984375 0.10859375
2 0.090625 0.41328125 0.01875 0.06640625
2 0.4109375 0.4890625 0.025 0.0625
2 0.09921875 0.4140625 0.0359375 0.0734375
2 0.3875 0.41015625 0.01484375 0.05546875
2 0.47109375 0.47890625 0.02734375 0.0734375
2 0.4078125 0.55 0.03359375 0.08203125
2 0.40625 0.41796875 0.0171875 0.053125
2 0.10625 0.4234375 0.02265625 0.05078125
1 0.415625 0.86015625 0.23125 0.27578125