2 0.26484375 0.915625 0.06015625 0.1640625
2 0.4765625 0.4265625 0.02265625 0.0625
2 0.10234375 0.73125 0.0421875 0.1375
2 0.5703125 0.41015625 0.01875 0.06015625
2 0.5375 0.44296875 0.02265625 0.0640625
2 0.5203125 0.37578125 0.01640625 0.04453125
2 0.35546875 0.33125 0.01640625 0.04921875
2 0.4140625 0.43203125 0.0203125 0.0640625
2 0.378125 0.3265625 0.0140625 0.04921875
2 0.39296875 0.3359375 0.0140625 0.04453125
2 0.425 0.3921875 0.0203125 0.06015625
2 0.3421875 0.30546875 0.0109375 0.03359375
2 0.4890625 0.253125 0.00625 0.021875
2 0.18359375 0.42421875 0.02265625 0.04453125
2 0.4171875 0.3421875 0.01484375 0.03984375
2 0.45703125 0.31328125 0.0140625 0.03984375
2 0.50859375 0.2546875 0.0078125 0.0203125
1 0.2109375 0.5359375 0.09609375 0.19140625