0 0.86796875 0.7890625 0.2609375 0.41796875
2 0.19921875 0.42890625 0.02109375 0.0625
2 0.45 0.6125 0.03984375 0.121875
2 0.43671875 0.2796875 0.0234375 0.0359375
2 0.41171875 0.27578125 0.02109375 0.03984375
2 0.0515625 0.48984375 0.03984375 0.0640625
2 0.3796875 0.28203125 0.0296875 0.03984375
2 0.35703125 0.27890625 0.01875 0.0375
2 0.3265625 0.2859375 0.02734375 0.0375
2 0.54453125 0.26796875 0.02109375 0.03359375
2 0.5828125 0.2734375 0.0203125 0.0359375
2 0.1296875 0.315625 0.02109375 0.03984375