2 0.76640625 0.80546875 0.0703125 0.16640625
2 0.10234375 0.5265625 0.02734375 0.07578125
2 0.40390625 0.6375 0.03515625 0.115625
2 0.48046875 0.63671875 0.0359375 0.11796875
2 0.53359375 0.62578125 0.03984375 0.121875
2 0.4015625 0.5 0.02890625 0.084375
2 0.24765625 0.37109375 0.01484375 0.04453125
2 0.5109375 0.921875 0.075 0.15078125
2 0.6 0.63125 0.0421875 0.115625
2 0.13984375 0.46015625 0.025 0.07109375
2 0.96328125 0.90546875 0.07109375 0.1796875
2 0.6328125 0.89140625 0.07109375 0.20859375
2 0.6515625 0.5296875 0.03125 0.08203125
2 0.3484375 0.3703125 0.01484375 0.05546875
2 0.7140625 0.5890625 0.03984375 0.09765625
2 0.43984375 0.4640625 0.02265625 0.07109375
2 0.5046875 0.53203125 0.03125 0.08671875
2 0.784375 0.67109375 0.0484375 0.115625
2 0.49921875 0.3234375 0.0140625 0.0375
2 0.54609375 0.42421875 0.02265625 0.0578125
2 0.04609375 0.4078125 0.03984375 0.05078125
2 0.56015625 0.38359375 0.01484375 0.0421875
2 0.7359375 0.55546875 0.0203125 0.084375
2 0.4640625 0.534375 0.02734375 0.078125
2 0.5953125 0.42421875 0.02734375 0.053125
2 0.071875 0.39765625 0.0359375 0.04921875
2 0.16328125 0.4203125 0.02109375 0.0578125
2 0.5 0.25859375 0.01015625 0.0203125
2 0.98359375 0.91875 0.0296875 0.153125
2 0.22734375 0.45 0.02734375 0.08203125
2 0.48828125 0.4390625 0.0265625 0.0640625
2 0.40625 0.43125 0.0203125 0.0578125
2 0.4984375 0.25234375 0.0140625 0.03359375
2 0.23125 0.46875 0.0203125 0.04921875
2 0.4578125 0.415625 0.01640625 0.0578125
2 0.196875 0.4078125 0.01875 0.05078125
2 0.2234375 0.42578125 0.0234375 0.05546875
2 0.3765625 0.4140625 0.0203125 0.06015625
2 0.6265625 0.48203125 0.02265625 0.06640625
1 0.2015625 0.52421875 0.09140625 0.16875
1 0.58671875 0.50703125 0.09375 0.1375