2 0.39765625 0.74453125 0.0453125 0.1421875
2 0.50234375 0.9546875 0.07265625 0.08671875
2 0.63359375 0.5578125 0.03984375 0.09296875
2 0.2203125 0.5359375 0.02890625 0.084375
2 0.44296875 0.56328125 0.03125 0.1
2 0.575 0.7359375 0.0546875 0.146875
2 0.6921875 0.784375 0.0625 0.146875
2 0.5109375 0.75234375 0.0421875 0.1359375
2 0.5875 0.58203125 0.03984375 0.10703125
2 0.7453125 0.74921875 0.0546875 0.15078125
2 0.4171875 0.48359375 0.02265625 0.0734375
2 0.77890625 0.60234375 0.03515625 0.09296875
2 0.89921875 0.91640625 0.09609375 0.1625
2 0.48125 0.4296875 0.02265625 0.06875
2 0.396875 0.45234375 0.02109375 0.0734375
2 0.453125 0.46875 0.0234375 0.07109375
2 0.38203125 0.36328125 0.01640625 0.05546875
2 0.42890625 0.3625 0.0171875 0.04921875
2 0.55703125 0.5 0.0359375 0.1203125
2 0.13359375 0.3109375 0.0171875 0.0359375
2 0.75859375 0.5890625 0.01484375 0.07578125
2 0.53515625 0.6453125 0.03515625 0.1046875
2 0.359375 0.4140625 0.02109375 0.0640625
2 0.48359375 0.36328125 0.0203125 0.046875
2 0.459375 0.37890625 0.01875 0.05546875
2 0.7296875 0.64296875 0.0515625 0.08203125
2 0.2125 0.47421875 0.02734375 0.0640625
1 0.9359375 0.81875 0.125 0.2953125
1 0.19921875 0.3578125 0.04609375 0.07578125