0 0.1953125 0.25078125 0.07265625 0.07109375
2 0.509375 0.56015625 0.04140625 0.09765625
2 0.27265625 0.51640625 0.05 0.078125
2 0.41328125 0.5046875 0.0234375 0.084375
2 0.59453125 0.64453125 0.0390625 0.1203125
2 0.5484375 0.68671875 0.04765625 0.1203125
2 0.5125 0.39140625 0.0171875 0.053125
2 0.559375 0.496875 0.0359375 0.1046875
2 0.4453125 0.48984375 0.025 0.08203125
2 0.38359375 0.484375 0.025 0.07109375
2 0.49375 0.33984375 0.0125 0.03984375
2 0.12421875 0.428125 0.0234375 0.05546875
2 0.45390625 0.70546875 0.0421875 0.13125
2 0.35625 0.4421875 0.025 0.07109375
2 0.4859375 0.46796875 0.0265625 0.078125
2 0.4109375 0.346875 0.01640625 0.053125
2 0.353125 0.3609375 0.01640625 0.046875
2 0.4234375 0.3375 0.0140625 0.03984375
2 0.4640625 0.30703125 0.01484375 0.0359375
2 0.3703125 0.36875 0.01484375 0.04921875
2 0.46796875 0.43125 0.01875 0.0578125
2 0.4734375 0.27578125 0.00859375 0.0359375
2 0.32265625 0.34765625 0.01484375 0.05078125
2 0.353125 0.29765625 0.0109375 0.0359375
2 0.559375 0.41875 0.02109375 0.05078125
2 0.3796875 0.35234375 0.0140625 0.0421875
2 0.5234375 0.36015625 0.0140625 0.03984375
1 0.7234375 0.7140625 0.1734375 0.2421875
1 0.22265625 0.353125 0.0421875 0.0625
1 0.9421875 0.965625 0.1125 0.0640625
1 0.9296875 0.796875 0.1375 0.28671875