2 0.08203125 0.8390625 0.0640625 0.17578125
2 0.2546875 0.7265625 0.04609375 0.146875
2 0.39375 0.9125 0.05 0.17109375
2 0.51484375 0.96328125 0.075 0.06875
2 0.76171875 0.9140625 0.09140625 0.16640625
2 0.5515625 0.5921875 0.04375 0.11328125
2 0.4390625 0.49453125 0.0265625 0.078125
2 0.6390625 0.86796875 0.06640625 0.1890625
2 0.40234375 0.2921875 0.01015625 0.03359375
2 0.453125 0.35078125 0.01640625 0.04453125
2 0.4203125 0.7546875 0.05390625 0.1578125
2 0.3640625 0.3375 0.0109375 0.03984375
2 0.04609375 0.4078125 0.03984375 0.05078125
2 0.20859375 0.41015625 0.0171875 0.05546875
2 0.58515625 0.70703125 0.05234375 0.13359375
2 0.1921875 0.3609375 0.01484375 0.046875
2 0.3671875 0.26640625 0.00859375 0.0265625
2 0.1546875 0.32578125 0.01640625 0.0375
2 0.33046875 0.32578125 0.0109375 0.03359375
2 0.49765625 0.7390625 0.0578125 0.1625
2 0.071875 0.39453125 0.03359375 0.05078125
2 0.3609375 0.26015625 0.0078125 0.021875
2 0.38359375 0.7125 0.0375 0.121875
2 0.30078125 0.984375 0.0234375 0.0265625
2 0.32265625 0.2453125 0.0078125 0.02421875
2 0.4984375 0.60703125 0.03984375 0.09765625
1 0.0328125 0.5390625 0.065625 0.134375