2 0.171875 0.5 0.0265625 0.0796875
2 0.2125 0.65234375 0.03984375 0.13125
2 0.22109375 0.4953125 0.0296875 0.0796875
2 0.4390625 0.27890625 0.02265625 0.0375
2 0.3625 0.26875 0.0203125 0.0359375
2 0.04609375 0.4078125 0.03984375 0.05078125
2 0.31953125 0.27890625 0.01875 0.02890625
2 0.3921875 0.25078125 0.00625 0.021875
2 0.07109375 0.39921875 0.03984375 0.0421875
2 0.4546875 0.27109375 0.02109375 0.03125
2 0.1390625 0.31796875 0.02109375 0.04453125
2 0.5671875 0.27421875 0.02109375 0.0375
1 0.0046875 0.60703125 0.009375 0.0921875