2 0.30390625 0.92578125 0.0703125 0.14453125
2 0.20234375 0.62421875 0.03515625 0.115625
2 0.32578125 0.6265625 0.04609375 0.115625
2 0.4234375 0.278125 0.0234375 0.0265625
2 0.35 0.271875 0.0125 0.02890625
2 0.553125 0.2765625 0.02109375 0.03359375
2 0.1703125 0.33984375 0.0125 0.03984375
2 0.0453125 0.4078125 0.0390625 0.05078125
2 0.1234375 0.3234375 0.01484375 0.0375
2 0.071875 0.39921875 0.0359375 0.0421875
2 0.3953125 0.2546875 0.0078125 0.0203125
1 0.2140625 0.3359375 0.0421875 0.07578125