2 0.2859375 0.9453125 0.05859375 0.1046875
2 0.19453125 0.37421875 0.01875 0.046875
2 0.75859375 0.9234375 0.08515625 0.14921875
2 0.39765625 0.81328125 0.05234375 0.1421875
2 0.3515625 0.61875 0.03359375 0.11796875
2 0.59140625 0.94453125 0.07734375 0.10703125
2 0.55859375 0.7453125 0.0546875 0.14921875
2 0.7421875 0.75546875 0.06640625 0.1421875
2 0.44921875 0.69453125 0.04609375 0.14453125
2 0.49609375 0.67578125 0.03984375 0.1203125
2 0.6703125 0.66796875 0.05 0.121875
2 0.3546875 0.3234375 0.01484375 0.0375
2 0.48125 0.46796875 0.02734375 0.078125
2 0.6203125 0.69921875 0.0578125 0.13984375
2 0.8640625 0.9390625 0.0984375 0.11796875
2 0.675 0.91875 0.0828125 0.1578125
2 0.37421875 0.51875 0.0265625 0.078125
2 0.54453125 0.25703125 0.01875 0.02421875
2 0.4296875 0.45859375 0.0234375 0.078125
2 0.5921875 0.5953125 0.04140625 0.09765625
2 0.1640625 0.334375 0.0125 0.03359375
2 0.5921875 0.2796875 0.0140625 0.03984375
2 0.54609375 0.62890625 0.0421875 0.09296875
2 0.40078125 0.37109375 0.01640625 0.04453125
2 0.409375 0.5140625 0.0234375 0.078125
2 0.5234375 0.5859375 0.02890625 0.08671875
2 0.4234375 0.60234375 0.03515625 0.09765625
2 0.45546875 0.434375 0.01875 0.0640625
2 0.0984375 0.4140625 0.0375 0.0734375
2 0.3453125 0.3875 0.0125 0.046875
2 0.38984375 0.4796875 0.02265625 0.07109375
2 0.37578125 0.37890625 0.01640625 0.05078125
2 0.5265625 0.43984375 0.02734375 0.06640625
2 0.4265625 0.39921875 0.0203125 0.05546875
2 0.3578125 0.42109375 0.01875 0.05078125
2 0.3890625 0.40234375 0.0171875 0.04453125
2 0.465625 0.38671875 0.01875 0.04921875
2 0.3375 0.24296875 0.0078125 0.02421875
2 0.6828125 0.2859375 0.0265625 0.03359375
2 0.325 0.2859375 0.0328125 0.0375
2 0.4296875 0.28203125 0.025 0.03984375
2 0.10703125 0.42578125 0.02109375 0.046875
2 0.5234375 0.50078125 0.02890625 0.06875
2 0.3515625 0.23359375 0.00859375 0.0265625
2 0.45234375 0.58125 0.0328125 0.0734375
2 0.321875 0.38125 0.01875 0.05546875
3 0.94296875 0.83359375 0.1109375 0.32890625
1 0.4671875 0.928125 0.21875 0.13984375