2 0.290625 0.9234375 0.05859375 0.14921875
2 0.26484375 0.67578125 0.0453125 0.13359375
2 0.18515625 0.4203125 0.0203125 0.0578125
2 0.209375 0.49140625 0.02890625 0.0796875
2 0.2328125 0.553125 0.0296875 0.084375
2 0.41875 0.39296875 0.0171875 0.053125
2 0.2140625 0.3390625 0.01875 0.05078125
2 0.53515625 0.2796875 0.02265625 0.03125
2 0.36484375 0.28671875 0.025 0.0265625
2 0.4765625 0.28671875 0.025 0.0265625
2 0.12421875 0.315625 0.01640625 0.03125
2 0.1328125 0.296875 0.01640625 0.02421875
2 0.38125 0.2796875 0.0171875 0.0265625
2 0.3203125 0.28984375 0.0234375 0.0421875
2 0.575 0.27890625 0.02734375 0.02890625
2 0.44453125 0.28125 0.0234375 0.03359375
1 0.7359375 0.98203125 0.02734375 0.03125