2 0.47890625 0.46328125 0.02265625 0.06875
2 0.4203125 0.434375 0.0203125 0.06875
2 0.5234375 0.434375 0.0234375 0.06875
2 0.18984375 0.3625 0.0171875 0.04453125
2 0.4546875 0.34453125 0.01484375 0.04921875
2 0.43359375 0.38125 0.01484375 0.046875
2 0.571875 0.42578125 0.02109375 0.06015625
2 0.38671875 0.315625 0.0109375 0.04453125
2 0.47734375 0.2890625 0.01015625 0.03984375
2 0.4 0.384375 0.01484375 0.04921875
2 0.35390625 0.30234375 0.0125 0.0359375
2 0.4140625 0.3375 0.01484375 0.04453125
2 0.1828125 0.3234375 0.01640625 0.0375
2 0.4421875 0.3140625 0.01015625 0.0375
1 0.1796875 0.43125 0.06484375 0.09765625
1 0.196875 0.321875 0.04609375 0.04921875