2 0.4796875 0.85546875 0.05625 0.1640625
2 0.4640625 0.47109375 0.0234375 0.07109375
2 0.4234375 0.44921875 0.0234375 0.07109375
2 0.39296875 0.471875 0.0265625 0.0734375
2 0.5484375 0.26640625 0.02109375 0.03125
2 0.3859375 0.28359375 0.02890625 0.03359375
2 0.3703125 0.28984375 0.025 0.02890625
2 0.16171875 0.33125 0.0140625 0.03125
2 0.51875 0.28203125 0.0328125 0.0359375
2 0.3421875 0.2875 0.02265625 0.02890625
2 0.1734375 0.38359375 0.01875 0.0421875
2 0.5671875 0.9546875 0.06484375 0.08671875
2 0.4375 0.284375 0.025 0.03125
2 0.3203125 0.29296875 0.0140625 0.0359375
2 0.00390625 0.55234375 0.0078125 0.06015625
1 0.80390625 0.653125 0.2 0.221875
1 0.59375 0.5109375 0.11015625 0.16875
1 0.48203125 0.3921875 0.05625 0.08203125