2 0.34453125 0.66640625 0.0359375 0.1203125
2 0.21171875 0.49921875 0.0234375 0.08203125
2 0.5109375 0.5375 0.03359375 0.09296875
2 0.6546875 0.83671875 0.07109375 0.17578125
2 0.5234375 0.8375 0.0578125 0.18203125
2 0.4046875 0.7203125 0.03984375 0.1203125
2 0.45625 0.64453125 0.0453125 0.115625
2 0.2125 0.4 0.01484375 0.053125
2 0.1703125 0.39140625 0.0171875 0.053125
2 0.45859375 0.3578125 0.01484375 0.04453125
2 0.54375 0.25859375 0.0203125 0.02890625
2 0.9265625 0.8609375 0.0625 0.09140625
2 0.54765625 0.7421875 0.0453125 0.1375
2 0.3796875 0.521875 0.025 0.0796875
2 0.18125 0.33671875 0.01484375 0.0375
2 0.7125 0.95859375 0.0921875 0.078125
2 0.5984375 0.7234375 0.05 0.13125
2 0.3453125 0.47109375 0.02109375 0.07109375
2 0.41796875 0.51328125 0.0265625 0.0796875
2 0.37265625 0.36015625 0.0171875 0.04921875
2 0.2296875 0.34296875 0.0140625 0.03359375
2 0.3703125 0.42890625 0.01640625 0.053125
2 0.35234375 0.39453125 0.0203125 0.06015625
2 0.4265625 0.37421875 0.01875 0.046875
2 0.4359375 0.56796875 0.0265625 0.06875
2 0.20546875 0.3609375 0.0140625 0.0421875
2 0.4703125 0.5453125 0.02734375 0.09140625
2 0.1546875 0.31875 0.01875 0.03359375
2 0.40078125 0.478125 0.01875 0.06640625
2 0.48203125 0.3109375 0.0109375 0.03125
2 0.43203125 0.4390625 0.01875 0.06015625
2 0.4484375 0.4703125 0.01875 0.06015625
2 0.575 0.2609375 0.0125 0.02421875
3 0.61171875 0.53125 0.1515625 0.2625
3 0.50546875 0.38671875 0.0734375 0.12890625
1 0.878125 0.9046875 0.2390625 0.18671875