0 0.2234375 0.2421875 0.06640625 0.0625
2 0.1484375 0.6296875 0.0359375 0.1046875
2 0.51484375 0.91640625 0.075 0.1625
2 0.22734375 0.49453125 0.0578125 0.0734375
2 0.4734375 0.28125 0.03125 0.02890625
2 0.5359375 0.26875 0.0203125 0.0359375
2 0.5015625 0.38203125 0.01640625 0.04453125
2 0.49375 0.45546875 0.02265625 0.06640625
2 0.0453125 0.4078125 0.04140625 0.05078125
2 0.0765625 0.39921875 0.0296875 0.046875
2 0.1390625 0.3203125 0.0328125 0.03984375
2 0.6828125 0.284375 0.02734375 0.0359375