2 0.23671875 0.78125 0.0484375 0.1578125
2 0.28515625 0.63359375 0.0375 0.115625
2 0.17578125 0.47109375 0.0265625 0.07578125
2 0.19609375 0.6125 0.03984375 0.11328125
2 0.2328125 0.35546875 0.01640625 0.03984375
2 0.2265625 0.51328125 0.02890625 0.084375
2 0.41640625 0.28359375 0.025 0.03359375
2 0.49140625 0.27890625 0.02265625 0.02890625
2 0.175 0.3734375 0.01484375 0.04921875
2 0.2015625 0.41875 0.01875 0.05546875
2 0.4359375 0.26328125 0.01015625 0.02890625
2 0.22578125 0.43359375 0.01875 0.04921875
2 0.3796875 0.2578125 0.0109375 0.03125
2 0.5703125 0.27578125 0.0203125 0.0359375
2 0.0703125 0.371875 0.01875 0.0421875
2 0.17734375 0.328125 0.0171875 0.0421875
2 0.19921875 0.3734375 0.0140625 0.0359375
2 0.0046875 0.553125 0.00859375 0.0625