2 0.3828125 0.9 0.0625 0.1953125
2 0.6203125 0.87890625 0.05859375 0.16640625
2 0.17265625 0.52421875 0.0296875 0.0890625
2 0.48203125 0.9125 0.06640625 0.17109375
2 0.41015625 0.65078125 0.0375 0.12421875
2 0.221875 0.50234375 0.02890625 0.0796875
2 0.03359375 0.70859375 0.0453125 0.12890625
2 0.5375 0.82109375 0.0546875 0.16640625
2 0.546875 0.54453125 0.03125 0.09765625
2 0.57890625 0.4953125 0.02734375 0.0890625
2 0.82109375 0.9578125 0.0921875 0.0796875
2 0.21953125 0.3765625 0.01640625 0.046875
2 0.9578125 0.95703125 0.08125 0.08203125
2 0.6921875 0.8203125 0.0640625 0.178125
2 0.45703125 0.6421875 0.03359375 0.115625
2 0.62421875 0.6859375 0.04140625 0.11796875
2 0.1953125 0.34921875 0.01484375 0.04921875
2 0.48828125 0.471875 0.0234375 0.0734375
2 0.37265625 0.43203125 0.0203125 0.0640625
2 0.50703125 0.69453125 0.04609375 0.121875
2 0.3515625 0.3359375 0.0125 0.03984375
2 0.45625 0.51328125 0.02734375 0.0796875
2 0.43125 0.45234375 0.025 0.078125
2 0.5890625 0.71015625 0.0421875 0.11328125
2 0.5046875 0.4 0.0171875 0.053125
2 0.18359375 0.33203125 0.0125 0.0421875
2 0.3859375 0.3265625 0.0125 0.03984375
2 0.703125 0.66328125 0.0515625 0.1265625
2 0.4265625 0.35078125 0.01640625 0.04921875
2 0.53984375 0.4296875 0.0203125 0.06015625
2 0.44296875 0.4265625 0.01875 0.0578125
2 0.2328125 0.72890625 0.04140625 0.1375
2 0.45390625 0.3734375 0.01484375 0.053125
2 0.396875 0.41328125 0.01640625 0.03984375
2 0.3625 0.31875 0.0125 0.0375
2 0.403125 0.3609375 0.0140625 0.046875
2 0.571875 0.703125 0.0265625 0.09140625
2 0.39609375 0.47578125 0.025 0.0578125
2 0.48515625 0.403125 0.0171875 0.046875
2 0.39453125 0.56015625 0.02890625 0.0796875
1 0.675 0.484375 0.11484375 0.15546875
1 0.54375 0.37109375 0.05234375 0.07578125