2 0.1796875 0.6625 0.03984375 0.12421875
2 0.4734375 0.53359375 0.02734375 0.084375
2 0.415625 0.5390625 0.03125 0.0953125
2 0.54453125 0.846875 0.0609375 0.18671875
2 0.6296875 0.48671875 0.0296875 0.07578125
2 0.35 0.353125 0.01484375 0.04921875
2 0.5421875 0.52578125 0.0296875 0.09140625
2 0.5171875 0.35546875 0.01640625 0.053125
2 0.51484375 0.65859375 0.03984375 0.11796875
2 0.65 0.94765625 0.0828125 0.1
2 0.7546875 0.6546875 0.04375 0.08203125
2 0.6390625 0.74140625 0.05859375 0.1265625
2 0.7765625 0.59921875 0.02734375 0.08671875
2 0.67890625 0.8640625 0.0375 0.18203125
2 0.5234375 0.59140625 0.03515625 0.10234375
2 0.43671875 0.42109375 0.01875 0.06015625
2 0.91015625 0.73984375 0.0296875 0.0796875
2 0.65234375 0.884375 0.08984375 0.2265625
2 0.759375 0.6234375 0.05859375 0.14453125
2 0.4546875 0.44453125 0.0203125 0.0625
2 0.403125 0.4234375 0.02109375 0.06015625
2 0.4140625 0.45703125 0.0296875 0.0640625
2 0.0046875 0.553125 0.00859375 0.0625
1 0.859375 0.83125 0.27890625 0.33359375
1 0.1921875 0.4640625 0.0671875 0.1109375
1 0.36640625 0.83984375 0.22265625 0.315625
1 0.56015625 0.4 0.06484375 0.084375
1 0.2015625 0.34765625 0.03984375 0.0640625