2 0.5171875 0.7453125 0.04375 0.14453125
2 0.578125 0.72421875 0.0515625 0.146875
2 0.41796875 0.71640625 0.04140625 0.13984375
2 0.93203125 0.8390625 0.09140625 0.17578125
2 0.08515625 0.5734375 0.02734375 0.084375
2 0.2453125 0.38359375 0.01640625 0.046875
2 0.4203125 0.55234375 0.03359375 0.0953125
2 0.50703125 0.48359375 0.02890625 0.08671875
2 0.4890625 0.60546875 0.03359375 0.1046875
2 0.91328125 0.9609375 0.1015625 0.0734375
2 0.53984375 0.60078125 0.03984375 0.10859375
2 0.6640625 0.734375 0.06015625 0.153125
2 0.80546875 0.70234375 0.05859375 0.12890625
2 0.4578125 0.5078125 0.025 0.09140625
2 0.13984375 0.47890625 0.025 0.078125
2 0.7109375 0.59765625 0.0421875 0.10234375
2 0.68046875 0.53359375 0.03359375 0.0890625
2 0.38203125 0.4390625 0.02109375 0.0640625
2 0.640625 0.47421875 0.03125 0.0640625
2 0.83828125 0.65546875 0.0390625 0.10703125
2 0.16015625 0.4359375 0.02265625 0.0625
2 0.04609375 0.4078125 0.03984375 0.05078125
2 0.5828125 0.4625 0.0265625 0.07109375
2 0.4703125 0.44453125 0.0171875 0.0625
2 0.35234375 0.39296875 0.01484375 0.053125
2 0.5046875 0.3265625 0.025 0.0578125
2 0.071875 0.39765625 0.0390625 0.04921875
2 0.34296875 0.34765625 0.0140625 0.0421875
2 0.58203125 0.3953125 0.01875 0.0578125
2 0.2484375 0.5 0.02109375 0.053125
2 0.440625 0.4265625 0.02109375 0.07109375
2 0.22265625 0.446875 0.0203125 0.053125
2 0.41640625 0.4546875 0.02265625 0.05546875
2 0.2046875 0.434375 0.0171875 0.05546875
2 0.18046875 0.45 0.02109375 0.046875
2 0.409375 0.4109375 0.01875 0.053125
1 0.21953125 0.55859375 0.10859375 0.1890625
1 0.6296875 0.56328125 0.1140625 0.16640625