0 0.4171875 0.24765625 0.04609375 0.08671875
2 0.6203125 0.61015625 0.0421875 0.1046875
2 0.38515625 0.50859375 0.025 0.0796875
2 0.434375 0.60078125 0.03359375 0.1046875
2 0.5171875 0.6296875 0.0453125 0.11796875
2 0.5109375 0.91875 0.08984375 0.1578125
2 0.48671875 0.5359375 0.03359375 0.09765625
2 0.4734375 0.7609375 0.0515625 0.13125
2 0.3703125 0.34765625 0.01484375 0.05546875
2 0.7 0.88671875 0.07734375 0.1640625
2 0.1734375 0.32578125 0.0171875 0.03359375
2 0.3515625 0.3140625 0.0125 0.05078125
2 0.32265625 0.37421875 0.0171875 0.0421875
2 0.76953125 0.7703125 0.07890625 0.14453125
2 0.3359375 0.29453125 0.0109375 0.0421875
2 0.83203125 0.89765625 0.10390625 0.2
2 0.4328125 0.50234375 0.02890625 0.06640625
2 0.47890625 0.36875 0.0171875 0.04921875
2 0.4046875 0.38359375 0.01640625 0.046875
2 0.415625 0.4125 0.02109375 0.05546875
2 0.4265625 0.44453125 0.02265625 0.0625
1 0.64375 0.47578125 0.10234375 0.12421875