2 0.44453125 0.9125 0.0640625 0.17109375
2 0.2671875 0.91015625 0.0578125 0.17578125
2 0.5203125 0.90078125 0.06640625 0.16640625
2 0.4203125 0.3875 0.02109375 0.06015625
2 0.6515625 0.90703125 0.0578125 0.18203125
2 0.43828125 0.7578125 0.04609375 0.07109375
2 0.015625 0.45546875 0.01875 0.0625
2 0.45234375 0.65546875 0.0421875 0.12421875
2 0.715625 0.8578125 0.06875 0.178125
2 0.5484375 0.7921875 0.0421875 0.14921875
2 0.3828125 0.49140625 0.0265625 0.0796875
2 0.39375 0.62109375 0.03515625 0.10859375
2 0.7015625 0.74140625 0.0640625 0.0953125
2 0.8171875 0.8234375 0.0375 0.11796875
2 0.8421875 0.8578125 0.0859375 0.19140625
2 0.390625 0.3890625 0.01875 0.053125
2 0.0671875 0.46328125 0.0234375 0.0640625
2 0.475 0.40703125 0.0203125 0.07109375
2 0.5703125 0.55859375 0.0296875 0.08203125
2 0.63515625 0.70234375 0.03984375 0.13359375
2 0.83828125 0.97421875 0.09609375 0.046875
2 0.546875 0.58203125 0.03359375 0.09765625
2 0.52421875 0.653125 0.0359375 0.0890625
2 0.09453125 0.465625 0.0265625 0.06015625
2 0.4984375 0.4703125 0.02265625 0.0734375
2 0.4609375 0.47421875 0.0203125 0.0640625
2 0.3515625 0.35859375 0.0140625 0.0421875
2 0.5953125 0.7609375 0.0484375 0.121875
2 0.4859375 0.54765625 0.02265625 0.08203125
2 0.42890625 0.53984375 0.02734375 0.0890625
2 0.36640625 0.40078125 0.0171875 0.05546875
2 0.4453125 0.49453125 0.02265625 0.078125
2 0.4734375 0.60859375 0.0265625 0.10234375
1 0.22421875 0.51796875 0.0984375 0.21328125
1 0.7109375 0.5734375 0.16484375 0.20859375