2 0.60234375 0.90859375 0.07265625 0.178125
2 0.184375 0.434375 0.02890625 0.08671875
2 0.4828125 0.834375 0.05234375 0.153125
2 0.6921875 0.88125 0.0765625 0.215625
2 0.6078125 0.6921875 0.0421875 0.11796875
2 0.9078125 0.82421875 0.0859375 0.178125
2 0.3625 0.57578125 0.0296875 0.0890625
2 0.971875 0.94921875 0.05390625 0.09765625
2 0.7828125 0.62421875 0.0484375 0.10703125
2 0.45546875 0.6140625 0.0390625 0.1046875
2 0.41171875 0.496875 0.0234375 0.0734375
2 0.54375 0.528125 0.0328125 0.09140625
2 0.4609375 0.43203125 0.02109375 0.0640625
2 0.5765625 0.52890625 0.0296875 0.0796875
2 0.325 0.3625 0.01484375 0.04453125
2 0.85546875 0.91328125 0.11875 0.16875
2 0.51015625 0.6796875 0.0453125 0.13359375
2 0.81015625 0.8890625 0.02734375 0.12421875
2 0.4796875 0.4125 0.0203125 0.0640625
2 0.42421875 0.4109375 0.01875 0.0625
2 0.728125 0.69921875 0.03359375 0.13125
2 0.50703125 0.5375 0.03359375 0.09296875
2 0.34609375 0.3734375 0.01484375 0.04921875
2 0.359375 0.38359375 0.01875 0.06015625
2 0.44765625 0.50546875 0.0296875 0.06875
2 0.7109375 0.6953125 0.06875 0.1375
2 0.39765625 0.45234375 0.0203125 0.0640625
2 0.1046875 0.4234375 0.02890625 0.05546875
2 0.38984375 0.40078125 0.0203125 0.05546875
2 0.5046875 0.4625 0.02265625 0.04921875
2 0.7046875 0.80234375 0.0609375 0.1640625
1 0.2953125 0.7140625 0.15234375 0.2421875
1 0.63515625 0.45859375 0.1 0.14921875