2 0.78125 0.89765625 0.0828125 0.1953125
2 0.16640625 0.82890625 0.05234375 0.16875
2 0.4703125 0.6640625 0.04140625 0.12890625
2 0.88359375 0.746875 0.075 0.15546875
2 0.4125 0.52578125 0.0296875 0.0953125
2 0.4890625 0.96875 0.0703125 0.0578125
2 0.6484375 0.6734375 0.0484375 0.12890625
2 0.6046875 0.57890625 0.0359375 0.0953125
2 0.5453125 0.69140625 0.0484375 0.12421875
2 0.5703125 0.47890625 0.025 0.078125
2 0.5421875 0.25703125 0.0125 0.02890625
2 0.5296875 0.50546875 0.02890625 0.08671875
2 0.6640625 0.9046875 0.07265625 0.18671875
2 0.3890625 0.4640625 0.02265625 0.07578125
2 0.4453125 0.4921875 0.025 0.078125
2 0.20546875 0.37109375 0.01640625 0.053125
2 0.2171875 0.35859375 0.01484375 0.0421875
2 0.48515625 0.40234375 0.0203125 0.053125
2 0.13984375 0.3234375 0.01484375 0.03359375
2 0.46953125 0.38671875 0.0140625 0.04921875
2 0.5609375 0.59296875 0.0359375 0.10703125
2 0.34296875 0.378125 0.01640625 0.0578125
2 0.50546875 0.4609375 0.0234375 0.06875
2 0.40859375 0.41796875 0.0203125 0.0578125
2 0.3609375 0.4046875 0.01640625 0.0578125
2 0.42734375 0.40546875 0.01484375 0.05078125
2 0.6828125 0.28359375 0.0265625 0.0375
2 0.496875 0.3453125 0.0140625 0.0375
2 0.390625 0.37109375 0.0140625 0.04453125
2 0.3765625 0.3796875 0.01640625 0.04921875
1 0.2734375 0.634375 0.13125 0.19296875
1 0.18203125 0.46796875 0.06875 0.11328125