2 0.3609375 0.75234375 0.04609375 0.1578125
2 0.7734375 0.84765625 0.07734375 0.17578125
2 0.26953125 0.60234375 0.0390625 0.1109375
2 0.42265625 0.9453125 0.06015625 0.1046875
2 0.69375 0.8921875 0.0703125 0.19765625
2 0.4953125 0.9375 0.0640625 0.1203125
2 0.42578125 0.79296875 0.05625 0.146875
2 0.54453125 0.86875 0.05390625 0.1734375
2 0.47578125 0.7234375 0.04609375 0.14453125
2 0.5234375 0.55859375 0.03515625 0.1
2 0.36953125 0.528125 0.02890625 0.078125
2 0.57890625 0.78125 0.04765625 0.16640625
2 0.6265625 0.94765625 0.07734375 0.1
2 0.671875 0.73359375 0.05390625 0.115625
2 0.47890625 0.57109375 0.0375 0.0890625
2 0.55390625 0.6625 0.05 0.0890625
2 0.35546875 0.40859375 0.01640625 0.0578125
2 0.4078125 0.3765625 0.01640625 0.046875
2 0.33828125 0.3921875 0.01640625 0.05546875
2 0.48046875 0.37421875 0.0140625 0.046875
2 0.38125 0.4703125 0.025 0.06875
2 0.42109375 0.6453125 0.03515625 0.08671875
2 0.5015625 0.471875 0.0234375 0.078125
2 0.45859375 0.4859375 0.02265625 0.0734375
2 0.43671875 0.4609375 0.01875 0.0640625
2 0.428125 0.56640625 0.03125 0.07578125
2 0.41484375 0.4859375 0.02265625 0.06875
2 0.00390625 0.55234375 0.0078125 0.06015625
1 0.8296875 0.65703125 0.2015625 0.26875
1 0.6609375 0.48203125 0.09765625 0.12421875
1 0.6453125 0.60546875 0.1421875 0.19296875