0 0.3890625 0.234375 0.0359375 0.06875
2 0.36171875 0.6375 0.0359375 0.115625
2 0.5296875 0.82578125 0.05 0.16640625
2 0.4453125 0.7359375 0.04140625 0.1421875
2 0.5234375 0.41328125 0.02265625 0.0625
2 0.71171875 0.93984375 0.0734375 0.115625
2 0.41015625 0.5375 0.0296875 0.09765625
2 0.58828125 0.68203125 0.04609375 0.12890625
2 0.7203125 0.68359375 0.03125 0.11796875
2 0.6265625 0.621875 0.0328125 0.10703125
2 0.4859375 0.41015625 0.02109375 0.06015625
2 0.475 0.65859375 0.03984375 0.13125
2 0.18671875 0.3453125 0.0140625 0.046875
2 0.49921875 0.52421875 0.02890625 0.09296875
2 0.11015625 0.47890625 0.02265625 0.0640625
2 0.64296875 0.57421875 0.0265625 0.1
2 0.55546875 0.596875 0.03125 0.09140625
2 0.42265625 0.39765625 0.0171875 0.0578125
2 0.203125 0.3359375 0.01640625 0.04453125
2 0.38046875 0.40078125 0.02109375 0.06015625
2 0.15 0.32578125 0.0171875 0.0375
2 0.046875 0.4078125 0.0390625 0.05078125
2 0.40078125 0.36796875 0.01640625 0.06015625
2 0.6953125 0.79140625 0.0484375 0.10234375
2 0.5328125 0.67890625 0.0359375 0.0734375
2 0.43671875 0.49921875 0.0234375 0.0734375
2 0.33125 0.3109375 0.0125 0.03984375
2 0.665625 0.7765625 0.0265625 0.1265625
2 0.071875 0.39453125 0.0359375 0.05546875
2 0.3484375 0.33125 0.0140625 0.053125
2 0.4828125 0.3234375 0.0109375 0.05546875
2 0.4640625 0.42421875 0.0171875 0.0625
2 0.3859375 0.334375 0.0109375 0.0421875
2 0.365625 0.35703125 0.01640625 0.05546875
2 0.8859375 0.91796875 0.08125 0.16015625
2 0.44609375 0.378125 0.0171875 0.04921875
2 0.453125 0.46015625 0.01875 0.0625
2 0.48203125 0.56640625 0.02890625 0.06640625
2 0.5796875 0.471875 0.0203125 0.06875
2 0.57890625 0.55078125 0.02265625 0.06640625
2 0.990625 0.9359375 0.01640625 0.1203125
1 0.18203125 0.4359375 0.0609375 0.09765625
1 0.85859375 0.6796875 0.1875 0.2265625