2 0.2234375 0.4078125 0.01875 0.05546875
2 0.11015625 0.478125 0.025 0.07109375
2 0.3953125 0.2859375 0.025 0.02890625
2 0.4953125 0.28125 0.025 0.03359375
2 0.534375 0.26875 0.01875 0.0359375
2 0.0453125 0.4078125 0.04140625 0.06015625
2 0.0765625 0.39765625 0.0265625 0.04921875
2 0.175 0.39140625 0.0171875 0.03984375
2 0.45625 0.284375 0.025 0.0265625
2 0.12265625 0.3109375 0.0171875 0.04921875
2 0.434375 0.28359375 0.02109375 0.02421875
2 0.3234375 0.28671875 0.0203125 0.0359375
2 0.1640625 0.42890625 0.02109375 0.07109375
1 0.19375 0.4796875 0.07734375 0.146875