2 0.5078125 0.53984375 0.0296875 0.09296875
2 0.43984375 0.48671875 0.0296875 0.084375
2 0.38046875 0.40859375 0.02109375 0.0578125
2 0.79140625 0.94765625 0.08984375 0.1
2 0.43515625 0.32109375 0.0125 0.0421875
2 0.34921875 0.4 0.01640625 0.053125
2 0.5640625 0.265625 0.0203125 0.02890625
2 0.046875 0.40859375 0.0390625 0.04921875
2 0.07109375 0.40078125 0.0375 0.0375
2 0.98984375 0.9765625 0.0171875 0.0421875
1 0.0328125 0.53828125 0.065625 0.1390625
1 0.184375 0.41640625 0.05859375 0.0953125
1 0.50625 0.378125 0.06015625 0.10703125