2 0.2625 0.6234375 0.03515625 0.10859375
2 0.3734375 0.528125 0.02890625 0.09140625
2 0.18125 0.58671875 0.0328125 0.0890625
2 0.20390625 0.35546875 0.01484375 0.04453125
2 0.17421875 0.43203125 0.01875 0.05546875
2 0.22109375 0.46015625 0.0203125 0.06640625
2 0.459375 0.2859375 0.0234375 0.02421875
2 0.1953125 0.4875 0.02890625 0.06875
2 0.17734375 0.33671875 0.01484375 0.0421875
2 0.3421875 0.2875 0.0234375 0.02890625
2 0.16015625 0.321875 0.0171875 0.0359375
2 0.3875 0.28359375 0.025 0.03359375
2 0.42734375 0.2796875 0.02734375 0.03984375
2 0.1875 0.3296875 0.0125 0.0375
2 0.31953125 0.28359375 0.01875 0.0375
2 0.32265625 0.3765625 0.0171875 0.0421875
2 0.20859375 0.28671875 0.0203125 0.03125