0 0.1953125 0.25078125 0.0734375 0.07109375
2 0.4421875 0.68203125 0.0359375 0.12421875
2 0.609375 0.771875 0.06640625 0.1578125
2 0.2953125 0.50078125 0.03125 0.0734375
2 0.54609375 0.5859375 0.0375 0.10859375
2 0.49296875 0.61796875 0.0390625 0.1109375
2 0.40234375 0.58984375 0.0296875 0.09140625
2 0.53359375 0.38125 0.0171875 0.05546875
2 0.35 0.528125 0.03984375 0.0953125
2 0.1 0.4203125 0.0328125 0.053125
2 0.70390625 0.96640625 0.075 0.0625
2 0.6546875 0.66875 0.0484375 0.13359375
2 0.56484375 0.48203125 0.02734375 0.07578125
2 0.640625 0.5359375 0.03359375 0.0890625
2 0.37890625 0.41875 0.0203125 0.06015625
2 0.35703125 0.4046875 0.01875 0.0578125
2 0.4265625 0.3890625 0.0171875 0.0625
2 0.5796875 0.4109375 0.0203125 0.0578125
2 0.75078125 0.91796875 0.05625 0.16015625
2 0.1609375 0.32421875 0.01484375 0.04453125
2 0.3796875 0.54765625 0.0234375 0.08671875
2 0.440625 0.37109375 0.01640625 0.04921875
2 0.365625 0.31640625 0.0140625 0.0421875
2 0.32265625 0.35 0.01484375 0.046875
2 0.50859375 0.52109375 0.025 0.08203125
2 0.40390625 0.36796875 0.01484375 0.05078125
2 0.5671875 0.984375 0.0375 0.0265625
2 0.4734375 0.253125 0.01015625 0.021875
2 0.5484375 0.984375 0.0734375 0.0265625
2 0.3890625 0.39140625 0.0171875 0.04921875
2 0.48046875 0.30234375 0.0109375 0.03125
2 0.4953125 0.33984375 0.0171875 0.04453125
2 0.33671875 0.27109375 0.0109375 0.0359375
2 0.3796875 0.3421875 0.0125 0.03984375
2 0.51015625 0.4078125 0.01484375 0.06015625
1 0.2171875 0.3765625 0.04609375 0.0734375
1 0.4890625 0.39765625 0.06015625 0.084375
1 0.89453125 0.9125 0.20859375 0.17109375