2 0.20390625 0.6078125 0.0328125 0.0953125
2 0.1828125 0.50859375 0.025 0.07109375
2 0.29453125 0.678125 0.04375 0.115625
2 0.42578125 0.95703125 0.0515625 0.08203125
2 0.34296875 0.54765625 0.03125 0.08203125
2 0.24609375 0.5453125 0.02734375 0.08203125
2 0.4296875 0.8078125 0.0703125 0.1625
2 0.178125 0.33671875 0.01640625 0.05546875
2 0.1515625 0.315625 0.02109375 0.03984375
2 0.0453125 0.40546875 0.0421875 0.05546875
2 0.1890625 0.33203125 0.01484375 0.0421875
2 0.3015625 0.58359375 0.0171875 0.05078125
2 0.4890625 0.27890625 0.02265625 0.03359375
2 0.39140625 0.28125 0.025 0.03359375