2 0.70859375 0.66015625 0.06015625 0.115625
2 0.203125 0.83125 0.05390625 0.16875
2 0.4078125 0.6140625 0.03515625 0.11328125
2 0.5015625 0.6078125 0.04140625 0.11328125
2 0.58046875 0.71328125 0.0515625 0.13359375
2 0.59765625 0.5890625 0.03984375 0.1109375
2 0.48359375 0.4046875 0.0203125 0.0625
2 0.8625 0.89921875 0.0953125 0.19765625
2 0.26015625 0.56015625 0.0328125 0.084375
2 0.16640625 0.46640625 0.02265625 0.0796875
2 0.20859375 0.4390625 0.0203125 0.06015625
2 0.4625 0.35703125 0.0171875 0.046875
2 0.4453125 0.54453125 0.02890625 0.084375
2 0.534375 0.44921875 0.0265625 0.07109375
2 0.2 0.66015625 0.0421875 0.07578125
2 0.3765625 0.3703125 0.0171875 0.05078125
2 0.18359375 0.415625 0.0203125 0.053125
2 0.5109375 0.478125 0.0265625 0.0796875
2 0.5625 0.4375 0.02265625 0.0578125
2 0.3609375 0.35859375 0.0140625 0.0421875
2 0.2046875 0.37109375 0.01484375 0.04453125
2 0.49140625 0.35859375 0.01484375 0.046875
2 0.571875 0.50546875 0.0265625 0.1
2 0.3515625 0.33671875 0.0109375 0.0421875
2 0.40625 0.38984375 0.0171875 0.05078125
2 0.603125 0.96640625 0.05859375 0.0625
2 0.43203125 0.43359375 0.01875 0.0625
2 0.1609375 0.40078125 0.01875 0.05078125
1 0.6953125 0.52578125 0.11640625 0.14921875
1 0.3265625 0.80078125 0.16640625 0.30859375