2 0.76484375 0.66796875 0.06484375 0.13125
2 0.634375 0.91328125 0.07890625 0.16875
2 0.70390625 0.78125 0.0625 0.153125
2 0.66328125 0.61875 0.04375 0.10859375
2 0.59140625 0.57109375 0.0296875 0.09296875
2 0.47734375 0.56875 0.03515625 0.1109375
2 0.4265625 0.46875 0.02265625 0.07109375
2 0.98203125 0.9390625 0.03359375 0.11796875
2 0.85234375 0.90234375 0.08984375 0.19140625
2 0.17890625 0.35234375 0.0125 0.0375
2 0.4984375 0.4265625 0.02109375 0.06640625
2 0.534375 0.5265625 0.03125 0.084375
2 0.43984375 0.35859375 0.01484375 0.05078125
2 0.38125 0.3890625 0.01484375 0.053125
2 0.57578125 0.42109375 0.01640625 0.05078125
2 0.6046875 0.4890625 0.025 0.0796875
2 0.553125 0.48359375 0.02109375 0.0734375
2 0.3515625 0.32109375 0.0125 0.0375
2 0.4203125 0.3921875 0.01640625 0.05078125
2 0.321875 0.37578125 0.01640625 0.04453125
2 0.39765625 0.371875 0.0171875 0.05546875
2 0.74140625 0.5875 0.025 0.06875
2 0.21015625 0.35234375 0.0203125 0.0375
2 0.7828125 0.95078125 0.0953125 0.09296875
2 0.1234375 0.30703125 0.0140625 0.0265625
1 0.35 0.81328125 0.175 0.29765625
1 0.19609375 0.40546875 0.0578125 0.08671875