2 0.3859375 0.6875 0.0375 0.121875
2 0.475 0.96796875 0.07734375 0.06015625
2 0.38828125 0.51875 0.02890625 0.08671875
2 0.4703125 0.70234375 0.04765625 0.13359375
2 0.42578125 0.40859375 0.02109375 0.0625
2 0.7734375 0.9265625 0.0859375 0.1421875
2 0.434375 0.5765625 0.02890625 0.09140625
2 0.6859375 0.95546875 0.0890625 0.084375
2 0.3046875 0.97421875 0.0640625 0.046875
2 0.946875 0.94296875 0.10390625 0.10859375
2 0.4546875 0.8421875 0.0546875 0.1375
2 0.6296875 0.83203125 0.06640625 0.1578125
2 0.49921875 0.57890625 0.02890625 0.09140625
2 0.5484375 0.69765625 0.04375 0.10234375
2 0.671875 0.75546875 0.04609375 0.146875
2 0.51640625 0.5 0.025 0.07578125
2 0.6265625 0.65703125 0.04765625 0.0953125
2 0.0671875 0.4625 0.0234375 0.06640625
2 0.3703125 0.4265625 0.02265625 0.06640625
2 0.565625 0.6125 0.0359375 0.11328125
2 0.353125 0.3703125 0.01640625 0.046875
2 0.09453125 0.46328125 0.0265625 0.0640625
2 0.3796875 0.35078125 0.01484375 0.04921875
2 0.4890625 0.43984375 0.0203125 0.0625
2 0.9765625 0.96640625 0.0453125 0.0625
2 0.53125 0.46640625 0.0171875 0.0625
2 0.46953125 0.2421875 0.00859375 0.0265625
2 0.6078125 0.58203125 0.0328125 0.09296875
2 0.45234375 0.515625 0.025 0.084375
2 0.4765625 0.50234375 0.025 0.06640625
2 0.75859375 0.815625 0.08515625 0.10234375
2 0.39453125 0.40703125 0.02109375 0.0578125
2 0.57734375 0.86875 0.04765625 0.1734375
2 0.559375 0.9546875 0.06875 0.08671875
1 0.75625 0.6125 0.18515625 0.23359375
1 0.23515625 0.553125 0.1078125 0.2