2 0.6046875 0.5703125 0.03515625 0.0953125
2 0.2140625 0.9296875 0.0734375 0.1359375
2 0.546875 0.428125 0.0234375 0.06015625
2 0.5140625 0.5109375 0.03125 0.084375
2 0.18671875 0.4953125 0.02890625 0.0796875
2 0.34140625 0.32421875 0.0125 0.0359375
2 0.459375 0.3390625 0.01875 0.05078125
2 0.4328125 0.38125 0.01640625 0.05546875
2 0.6421875 0.5078125 0.02734375 0.0734375
2 0.359375 0.3640625 0.01875 0.053125
2 0.40625 0.36875 0.0171875 0.053125
2 0.45625 0.5359375 0.0328125 0.09296875
2 0.3859375 0.36015625 0.01640625 0.04453125
2 0.4765625 0.3203125 0.01015625 0.03125
2 0.48828125 0.32109375 0.0109375 0.02890625
2 0.4609375 0.44921875 0.025 0.0578125
1 0.25546875 0.621875 0.1359375 0.24453125