2 0.2484375 0.878125 0.05234375 0.18671875
2 0.48203125 0.7953125 0.0484375 0.15546875
2 0.79609375 0.8625 0.07734375 0.18671875
2 0.171875 0.47578125 0.0234375 0.07109375
2 0.45 0.5921875 0.0296875 0.0953125
2 0.4109375 0.52421875 0.02890625 0.09296875
2 0.62109375 0.66875 0.04765625 0.115625
2 0.21015625 0.45234375 0.025 0.0734375
2 0.65546875 0.9421875 0.0765625 0.1109375
2 0.50703125 0.55234375 0.03359375 0.0953125
2 0.58828125 0.5546875 0.03359375 0.08671875
2 0.571875 0.67109375 0.0390625 0.12890625
2 0.3578125 0.365625 0.0171875 0.05078125
2 0.54765625 0.75 0.05234375 0.14453125
2 0.46640625 0.41875 0.0203125 0.06015625
2 0.421875 0.43203125 0.0234375 0.0640625
2 0.55546875 0.265625 0.02109375 0.03359375
2 0.14765625 0.32109375 0.0203125 0.0375
2 0.3859375 0.3578125 0.0140625 0.03984375
2 0.325 0.29296875 0.025 0.0265625
2 0.4890625 0.4859375 0.02265625 0.0640625
2 0.3625 0.2890625 0.025 0.03125
2 0.44921875 0.36875 0.01640625 0.04921875
2 0.37578125 0.403125 0.01875 0.06015625
2 0.3515625 0.28203125 0.01484375 0.0359375
2 0.48671875 0.38984375 0.01640625 0.05078125
2 0.6359375 0.55546875 0.03359375 0.084375
2 0.50234375 0.27578125 0.0203125 0.0359375
2 0.39765625 0.2859375 0.02734375 0.02890625
2 0.421875 0.38984375 0.02109375 0.0421875
2 0.9578125 0.9734375 0.08125 0.04921875
2 0.6828125 0.2859375 0.0265625 0.03359375
2 0.4234375 0.34140625 0.01484375 0.02890625
1 0.94609375 0.83671875 0.1046875 0.215625
1 0.62265625 0.46328125 0.0921875 0.11796875