2 0.4578125 0.8609375 0.0546875 0.1796875
2 0.1203125 0.746875 0.04609375 0.1421875
2 0.3890625 0.4875 0.02890625 0.08671875
2 0.68203125 0.7296875 0.05859375 0.14453125
2 0.44609375 0.59296875 0.03515625 0.10703125
2 0.78203125 0.62890625 0.05625 0.12421875
2 0.72421875 0.89921875 0.0765625 0.19296875
2 0.5921875 0.58984375 0.03984375 0.10859375
2 0.5796875 0.9296875 0.06015625 0.1359375
2 0.43359375 0.46015625 0.02265625 0.06640625
2 0.54609375 0.44296875 0.02265625 0.0640625
2 0.5984375 0.771875 0.0546875 0.1578125
2 0.4859375 0.43203125 0.02109375 0.06015625
2 0.56875 0.5234375 0.0296875 0.078125
2 0.2046875 0.35859375 0.0171875 0.05546875
2 0.403125 0.40078125 0.01875 0.05546875
2 0.5203125 0.9640625 0.07734375 0.06640625
2 0.50625 0.60703125 0.03984375 0.10703125
2 0.45703125 0.36875 0.0140625 0.04921875
2 0.3578125 0.384375 0.01484375 0.053125
2 0.52890625 0.25703125 0.01015625 0.02421875
2 0.52265625 0.53203125 0.0328125 0.09140625
2 0.34140625 0.35859375 0.0171875 0.05546875
2 0.3734375 0.3609375 0.01484375 0.05546875
2 0.4921875 0.33359375 0.0140625 0.03984375
2 0.215625 0.34921875 0.0140625 0.03984375
2 0.98515625 0.7390625 0.02734375 0.1046875
2 0.4171875 0.38671875 0.0140625 0.04921875
2 0.3859375 0.35234375 0.0125 0.046875
2 0.4734375 0.38203125 0.0171875 0.04453125
2 0.38125 0.43359375 0.02265625 0.0625
2 0.51015625 0.45859375 0.025 0.0640625
1 0.24453125 0.59765625 0.11640625 0.1734375
1 0.1859375 0.44296875 0.06484375 0.1046875
1 0.9359375 0.8921875 0.1265625 0.2109375