0 0.3484375 0.20546875 0.0171875 0.03359375
2 0.35390625 0.915625 0.06015625 0.1640625
2 0.1078125 0.69296875 0.0375 0.12890625
2 0.21953125 0.55859375 0.03125 0.0953125
2 0.8484375 0.7796875 0.075 0.16015625
2 0.5140625 0.62890625 0.03984375 0.115625
2 0.3953125 0.49296875 0.0296875 0.084375
2 0.6515625 0.52109375 0.03515625 0.09140625
2 0.5515625 0.60078125 0.0375 0.11328125
2 0.44921875 0.66015625 0.0390625 0.1375
2 0.4734375 0.50078125 0.0296875 0.08671875
2 0.74765625 0.58125 0.0421875 0.0953125
2 0.19140625 0.39921875 0.0171875 0.06015625
2 0.9046875 0.94453125 0.1078125 0.10703125
2 0.43984375 0.4359375 0.02265625 0.06640625
2 0.78203125 0.95078125 0.09375 0.09296875
2 0.634375 0.8890625 0.0765625 0.21796875
2 0.34921875 0.35234375 0.01640625 0.05078125
2 0.6171875 0.45234375 0.02265625 0.0640625
2 0.48515625 0.34765625 0.01484375 0.046875
2 0.4625 0.403125 0.02265625 0.06875
2 0.3765625 0.39296875 0.0203125 0.07109375
2 0.5734375 0.4078125 0.0171875 0.05546875
2 0.43203125 0.37578125 0.01875 0.0625
2 0.396875 0.41328125 0.01875 0.053125
2 0.52421875 0.353125 0.01640625 0.03984375
2 0.4015625 0.38359375 0.0171875 0.046875
2 0.00390625 0.55546875 0.0078125 0.06640625