0 0.23984375 0.2375 0.02734375 0.053125
2 0.2859375 0.90234375 0.06015625 0.19140625
2 0.23515625 0.3578125 0.01484375 0.03984375
2 0.19921875 0.36328125 0.01640625 0.046875
2 0.17890625 0.39921875 0.0203125 0.05546875
2 0.4 0.28984375 0.025 0.02421875
2 0.5625 0.2796875 0.02265625 0.0265625
2 0.1796875 0.33203125 0.01640625 0.03359375
2 0.146875 0.3203125 0.01875 0.0265625
2 0.43359375 0.278125 0.0203125 0.021875
2 0.18828125 0.29765625 0.0234375 0.0265625
2 0.36015625 0.2859375 0.0203125 0.03359375
2 0.51484375 0.2796875 0.02265625 0.0265625
2 0.478125 0.27890625 0.02109375 0.02421875
2 0.4546875 0.284375 0.02265625 0.021875
2 0.0890625 0.3703125 0.0140625 0.0375
2 0.3765625 0.28671875 0.01875 0.0265625
2 0.00390625 0.553125 0.0078125 0.0625