0 0.50625 0.396875 0.08515625 0.1359375
2 0.3921875 0.55859375 0.02890625 0.0953125
2 0.12890625 0.4359375 0.02265625 0.0625
2 0.4796875 0.6796875 0.04140625 0.1203125
2 0.4140625 0.47421875 0.02265625 0.06875
2 0.50546875 0.57890625 0.0359375 0.1046875
2 0.2359375 0.60546875 0.0453125 0.11328125
2 0.55 0.55703125 0.0375 0.1046875
2 0.76875 0.934375 0.0921875 0.1265625
2 0.37578125 0.46015625 0.02109375 0.06640625
2 0.44921875 0.4 0.01875 0.0578125
2 0.2203125 0.496875 0.0265625 0.0734375
2 0.57578125 0.39453125 0.02109375 0.05546875
2 0.45546875 0.5796875 0.0359375 0.10703125
2 0.34765625 0.3390625 0.0171875 0.05078125
2 0.39140625 0.41328125 0.0171875 0.053125
2 0.42265625 0.40703125 0.0203125 0.0625
2 0.3625 0.415625 0.0171875 0.0578125
2 0.4890625 0.48671875 0.02890625 0.07109375
2 0.409375 0.365625 0.0140625 0.0375
2 0.4328125 0.3375 0.01484375 0.04453125
2 0.37890625 0.36796875 0.01484375 0.0421875
2 0.48046875 0.41015625 0.02109375 0.06015625
1 0.3578125 0.8640625 0.2 0.26640625
1 0.696875 0.54453125 0.1359375 0.178125
1 0.18359375 0.41640625 0.0578125 0.09140625