2 0.82421875 0.7078125 0.06640625 0.13984375
2 0.4703125 0.68671875 0.0453125 0.1375
2 0.6796875 0.69140625 0.05234375 0.12890625
2 0.76328125 0.92109375 0.0859375 0.153125
2 0.4328125 0.35546875 0.01640625 0.04453125
2 0.42109375 0.41640625 0.0171875 0.06015625
2 0.4984375 0.5734375 0.03125 0.09765625
2 0.484375 0.4046875 0.02109375 0.0578125
2 0.45859375 0.26796875 0.01015625 0.03359375
2 0.39296875 0.346875 0.0140625 0.04921875
2 0.41953125 0.2390625 0.00625 0.02421875
2 0.3734375 0.28359375 0.03125 0.0375
3 0.1921875 0.3703125 0.0625 0.1265625
1 0.2453125 0.6609375 0.13515625 0.2640625