2 0.78984375 0.6421875 0.0578125 0.10703125
2 0.44609375 0.8703125 0.05234375 0.17109375
2 0.24453125 0.6109375 0.0359375 0.10234375
2 0.5609375 0.8390625 0.0578125 0.17578125
2 0.6796875 0.92421875 0.0765625 0.146875
2 0.2765625 0.81015625 0.0625 0.17578125
2 0.634375 0.70859375 0.0484375 0.13359375
2 0.5734375 0.59140625 0.04140625 0.1109375
2 0.51171875 0.67578125 0.0390625 0.12890625
2 0.42109375 0.59921875 0.0328125 0.1
2 0.36796875 0.54765625 0.0234375 0.08671875
2 0.671875 0.65703125 0.04140625 0.11328125
2 0.215625 0.3453125 0.0140625 0.0375
2 0.47734375 0.76796875 0.0453125 0.13984375
2 0.1609375 0.3859375 0.0171875 0.05078125
2 0.4765625 0.5640625 0.0375 0.10703125
2 0.178125 0.328125 0.01640625 0.03359375
2 0.4015625 0.5125 0.0265625 0.078125
2 0.365625 0.44296875 0.02109375 0.05546875
2 0.34375 0.3921875 0.01484375 0.05546875
2 0.50234375 0.42421875 0.0203125 0.06640625
2 0.4328125 0.50546875 0.02734375 0.078125
2 0.5078125 0.5390625 0.02890625 0.08671875
2 0.4875 0.2546875 0.01015625 0.02421875
2 0.47890625 0.4453125 0.01484375 0.06015625
2 0.46796875 0.471875 0.02890625 0.06015625
2 0.3890625 0.4265625 0.01875 0.06640625
1 0.86796875 0.8453125 0.2609375 0.3046875
1 0.5921875 0.415625 0.07109375 0.09296875
1 0.9265625 0.765625 0.14375 0.278125