0 0.37578125 0.2125 0.0234375 0.0375
2 0.26875 0.91875 0.0546875 0.1578125
2 0.45859375 0.6234375 0.03515625 0.11328125
2 0.78671875 0.9125 0.08359375 0.17109375
2 0.5671875 0.81328125 0.0578125 0.1734375
2 0.5484375 0.62578125 0.04140625 0.10859375
2 0.71171875 0.7546875 0.0609375 0.14921875
2 0.5875 0.4890625 0.0296875 0.0796875
2 0.2046875 0.40234375 0.01875 0.0578125
2 0.47734375 0.51796875 0.02734375 0.0796875
2 0.54609375 0.41875 0.02265625 0.0640625
2 0.2265625 0.3921875 0.0171875 0.05078125
2 0.7078125 0.6109375 0.04765625 0.09765625
2 0.4 0.446875 0.02265625 0.07109375
2 0.5296875 0.5390625 0.03125 0.09140625
2 0.3765625 0.4140625 0.01640625 0.05546875
2 0.42890625 0.3546875 0.01484375 0.05078125
2 0.04609375 0.4078125 0.03984375 0.05078125
2 0.3609375 0.32421875 0.0140625 0.03984375
2 0.3328125 0.32421875 0.0125 0.03984375
2 0.48828125 0.3625 0.01640625 0.04921875
2 0.575 0.41328125 0.0203125 0.04921875
2 0.44453125 0.46875 0.0234375 0.07578125
2 0.53515625 0.3640625 0.01484375 0.03984375
2 0.51875 0.45859375 0.025 0.0640625
2 0.45390625 0.353125 0.0125 0.04453125
2 0.475 0.45078125 0.025 0.07109375
2 0.4046875 0.3875 0.02265625 0.06015625
2 0.0734375 0.3953125 0.03359375 0.053125
2 0.5109375 0.4140625 0.0234375 0.05546875
1 0.23125 0.56328125 0.1 0.1796875