0 0.64140625 0.5359375 0.1421875 0.23984375
2 0.38984375 0.6953125 0.0421875 0.13359375
2 0.3171875 0.921875 0.0515625 0.15078125
2 0.6765625 0.828125 0.0609375 0.1796875
2 0.48515625 0.665625 0.0421875 0.11796875
2 0.1953125 0.44140625 0.0203125 0.0640625
2 0.5578125 0.79140625 0.05390625 0.16875
2 0.4171875 0.54765625 0.02890625 0.09140625
2 0.484375 0.49296875 0.0234375 0.07109375
2 0.50703125 0.36875 0.01640625 0.04921875
2 0.396875 0.48359375 0.0234375 0.06875
2 0.2 0.34296875 0.0125 0.03359375
2 0.6171875 0.7203125 0.05390625 0.13359375
2 0.3921875 0.37421875 0.01640625 0.05078125
2 0.534375 0.5953125 0.03359375 0.09765625
2 0.14609375 0.31875 0.0203125 0.0375
2 0.43203125 0.465625 0.0234375 0.078125
2 0.53828125 0.44921875 0.02109375 0.06640625
2 0.33828125 0.33359375 0.0109375 0.04453125
2 0.3515625 0.346875 0.0125 0.04453125
2 0.41796875 0.4046875 0.01875 0.0578125
2 0.4875 0.43203125 0.0296875 0.06015625
2 0.36796875 0.37890625 0.01875 0.06875
2 0.528125 0.5125 0.0265625 0.06015625
1 0.55703125 0.3875 0.06875 0.08203125