0 0.52578125 0.3421875 0.0609375 0.09765625
2 0.6234375 0.915625 0.0703125 0.1640625
2 0.45625 0.8703125 0.05 0.17109375
2 0.3171875 0.64921875 0.04375 0.12421875
2 0.68359375 0.77421875 0.0625 0.1625
2 0.53046875 0.7 0.04609375 0.1375
2 0.63828125 0.63671875 0.04609375 0.11796875
2 0.1734375 0.41796875 0.0203125 0.0625
2 0.20625 0.49140625 0.025 0.07578125
2 0.3984375 0.52578125 0.03125 0.08671875
2 0.465625 0.47421875 0.0234375 0.0734375
2 0.43046875 0.5 0.02890625 0.084375
2 0.35703125 0.42421875 0.01875 0.0578125
2 0.975 0.96796875 0.04765625 0.06015625
2 0.49921875 0.61328125 0.03359375 0.10703125
2 0.2078125 0.39296875 0.01640625 0.053125
2 0.50859375 0.47578125 0.02265625 0.07109375
2 0.55546875 0.55078125 0.0234375 0.084375
2 0.1578125 0.328125 0.01484375 0.0375
2 0.459375 0.39296875 0.01875 0.053125
2 0.48828125 0.384375 0.01640625 0.04921875
2 0.39296875 0.3796875 0.01640625 0.053125
2 0.5328125 0.58125 0.03125 0.0953125
2 0.38046875 0.34921875 0.0140625 0.04921875
2 0.1984375 0.453125 0.01875 0.0578125
2 0.4890625 0.521875 0.02890625 0.06640625
1 0.58203125 0.44765625 0.0890625 0.1359375
1 0.77890625 0.6375 0.16015625 0.2