2 0.3671875 0.58203125 0.0328125 0.09296875
2 0.4140625 0.55234375 0.02734375 0.09140625
2 0.5265625 0.60546875 0.03515625 0.1046875
2 0.6609375 0.84765625 0.0640625 0.1578125
2 0.8015625 0.94765625 0.1015625 0.1
2 0.16875 0.36015625 0.01484375 0.04453125
2 0.44609375 0.65703125 0.03515625 0.11796875
2 0.359375 0.4421875 0.02109375 0.0578125
2 0.4859375 0.78359375 0.05390625 0.1796875
2 0.60078125 0.92578125 0.0734375 0.14453125
2 0.4015625 0.428125 0.01875 0.06875
2 0.3859375 0.51796875 0.025 0.07578125
2 0.4359375 0.36015625 0.01640625 0.04921875
2 0.5546875 0.76640625 0.0578125 0.13359375
2 0.13046875 0.50859375 0.0234375 0.07578125
2 0.6796875 0.74921875 0.0296875 0.15078125
2 0.41796875 0.4 0.01640625 0.053125
2 0.3734375 0.3234375 0.0109375 0.03359375
2 0.35390625 0.26796875 0.01015625 0.03359375
2 0.496875 0.5109375 0.0234375 0.07578125
2 0.06484375 0.46328125 0.025 0.06875
2 0.44296875 0.4796875 0.02109375 0.0625
2 0.36015625 0.3453125 0.02265625 0.0375
2 0.36484375 0.3953125 0.0203125 0.04921875
2 0.56875 0.784375 0.0328125 0.1640625
2 0.46171875 0.578125 0.03359375 0.09296875
2 0.3984375 0.34921875 0.0171875 0.053125
1 0.4171875 0.83125 0.2484375 0.33359375
1 0.81875 0.6796875 0.2 0.26640625
1 0.209375 0.34453125 0.04375 0.0796875
1 0.7140625 0.53671875 0.11640625 0.14921875
1 0.61796875 0.5703125 0.13359375 0.2109375