2 0.41328125 0.75234375 0.04140625 0.1265625
2 0.503125 0.89296875 0.0640625 0.18203125
2 0.8125 0.80703125 0.0921875 0.1640625
2 0.5765625 0.72890625 0.0453125 0.1375
2 0.678125 0.61640625 0.04375 0.1
2 0.49453125 0.6875 0.04140625 0.10859375
2 0.609375 0.6296875 0.04375 0.11796875
2 0.5265625 0.6125 0.03984375 0.11328125
2 0.19375 0.496875 0.02734375 0.078125
2 0.4640625 0.54921875 0.0328125 0.09296875
2 0.58515625 0.5 0.0296875 0.084375
2 0.89921875 0.94140625 0.1109375 0.11328125
2 0.80234375 0.94921875 0.0875 0.09765625
2 0.4921875 0.24921875 0.0125 0.03125
2 0.69140625 0.90859375 0.06015625 0.178125
2 0.38046875 0.55078125 0.03125 0.09765625
2 0.3671875 0.4296875 0.01875 0.06015625
2 0.1953125 0.36015625 0.01484375 0.03984375
2 0.16875 0.328125 0.01484375 0.03359375
2 0.4984375 0.53125 0.02890625 0.084375
2 0.4421875 0.4640625 0.0265625 0.07578125
2 0.34921875 0.3859375 0.0140625 0.06015625
2 0.54375 0.49921875 0.02265625 0.0734375
2 0.4015625 0.5 0.02890625 0.084375
2 0.18125 0.453125 0.0203125 0.0578125
2 0.40078125 0.42578125 0.01875 0.0421875
2 0.1828125 0.4125 0.02265625 0.0421875
2 0.5234375 0.50546875 0.0265625 0.06015625
2 0.37578125 0.38984375 0.0140625 0.046875
2 0.45 0.4296875 0.0203125 0.05546875
2 0.6484375 0.94765625 0.07109375 0.1
1 0.9390625 0.83671875 0.1203125 0.3
1 0.6671875 0.4859375 0.1125 0.1578125