0 0.375 0.2125 0.025 0.0375
2 0.221875 0.79453125 0.04609375 0.13984375
2 0.92890625 0.85546875 0.08984375 0.178125
2 0.48515625 0.66796875 0.0421875 0.121875
2 0.66640625 0.7375 0.0578125 0.146875
2 0.44140625 0.56015625 0.0296875 0.09296875
2 0.51015625 0.55234375 0.0328125 0.1
2 0.8375 0.89921875 0.08515625 0.19765625
2 0.2046875 0.38671875 0.0171875 0.053125
2 0.2265625 0.3765625 0.01484375 0.05078125
2 0.36796875 0.3890625 0.01640625 0.04921875
2 0.46328125 0.46875 0.0234375 0.07109375
2 0.56015625 0.2625 0.0171875 0.0265625
2 0.7328125 0.9625 0.0890625 0.07109375
2 0.3921875 0.4140625 0.0203125 0.06875
2 0.43203125 0.4375 0.02109375 0.06640625
2 0.55546875 0.446875 0.0234375 0.06640625
2 0.6421875 0.6296875 0.04140625 0.0953125
2 0.5265625 0.39453125 0.0203125 0.05546875
2 0.3328125 0.315625 0.0125 0.03984375
2 0.04609375 0.4078125 0.03984375 0.05078125
2 0.421875 0.33984375 0.0140625 0.04453125
2 0.359375 0.315625 0.0109375 0.0359375
2 0.50625 0.48359375 0.02734375 0.06875
2 0.653125 0.534375 0.03125 0.09140625
2 0.071875 0.40078125 0.0359375 0.0421875
2 0.44765625 0.334375 0.0125 0.05546875
2 0.3984375 0.3734375 0.0171875 0.04921875
2 0.45625 0.4125 0.0203125 0.05546875
2 0.49609375 0.4203125 0.02265625 0.053125
2 0.5484375 0.3875 0.01640625 0.046875
1 0.2125 0.5265625 0.0875 0.16015625