0 0.19453125 0.246875 0.07109375 0.0625
2 0.4578125 0.65703125 0.03984375 0.13125
2 0.5828125 0.8140625 0.05625 0.1625
2 0.428125 0.56640625 0.03359375 0.10703125
2 0.5359375 0.61015625 0.03984375 0.11328125
2 0.5 0.45546875 0.02265625 0.0625
2 0.4625 0.46015625 0.025 0.07578125
2 0.6171875 0.65859375 0.0375 0.10859375
2 0.171875 0.34296875 0.0140625 0.046875
2 0.5515625 0.47109375 0.0265625 0.084375
2 0.365625 0.4359375 0.01875 0.06640625
2 0.415625 0.4765625 0.0234375 0.0734375
2 0.3890625 0.40078125 0.01875 0.06015625
2 0.48359375 0.38671875 0.0171875 0.0578125
2 0.3390625 0.37109375 0.01875 0.04921875
2 0.04765625 0.41015625 0.03984375 0.046875
2 0.3625 0.3046875 0.01484375 0.03984375
2 0.4328125 0.40234375 0.0203125 0.0625
2 0.1421875 0.321875 0.02109375 0.0359375
2 0.33984375 0.2765625 0.01015625 0.03359375
2 0.32578125 0.41328125 0.01640625 0.053125
2 0.3890625 0.321875 0.0140625 0.04453125
2 0.41328125 0.40234375 0.02109375 0.0578125
2 0.5296875 0.5125 0.02890625 0.06015625
2 0.08984375 0.3703125 0.0125 0.0375
1 0.7703125 0.76328125 0.23125 0.353125
1 0.2203125 0.34140625 0.0453125 0.06875
1 0.77265625 0.6046875 0.15234375 0.178125