0 0.1953125 0.24453125 0.0734375 0.0578125
2 0.4859375 0.784375 0.04765625 0.16875
2 0.43984375 0.646875 0.03984375 0.13359375
2 0.5671875 0.72890625 0.05625 0.16015625
2 0.4796875 0.5046875 0.02890625 0.084375
2 0.525 0.5 0.02734375 0.0796875
2 0.58671875 0.52578125 0.02890625 0.1
2 0.36640625 0.45859375 0.0203125 0.0734375
2 0.16953125 0.35546875 0.0140625 0.04921875
2 0.39765625 0.428125 0.02265625 0.06875
2 0.34921875 0.37890625 0.01640625 0.05078125
2 0.65234375 0.9421875 0.06484375 0.1109375
2 0.5046875 0.41640625 0.0203125 0.0640625
2 0.3640625 0.3109375 0.01640625 0.04453125
2 0.34453125 0.284375 0.00859375 0.0265625
2 0.4296875 0.5234375 0.02734375 0.08203125
2 0.04765625 0.41015625 0.03984375 0.046875
2 0.56875 0.596875 0.0328125 0.09140625
2 0.434375 0.3390625 0.01640625 0.046875
2 0.3953125 0.3359375 0.0140625 0.03984375
2 0.4828125 0.36015625 0.0140625 0.04453125
2 0.440625 0.4359375 0.01875 0.06640625
2 0.4265625 0.45078125 0.02265625 0.053125
2 0.4171875 0.24296875 0.0078125 0.02421875
2 0.67578125 0.76875 0.0515625 0.13359375
2 0.47734375 0.4359375 0.02265625 0.04921875
2 0.6671875 0.86796875 0.06484375 0.1890625
1 0.8703125 0.85078125 0.2578125 0.29296875
1 0.2203125 0.34765625 0.04375 0.078125
1 0.8859375 0.71875 0.2109375 0.2375