2 0.78984375 0.8875 0.07734375 0.184375
2 0.07265625 0.6 0.03515625 0.10234375
2 0.19765625 0.69765625 0.0421875 0.1109375
2 0.46015625 0.3765625 0.0171875 0.046875
2 0.3953125 0.365625 0.01640625 0.06015625
2 0.50546875 0.378125 0.01875 0.053125
2 0.5296875 0.3609375 0.01484375 0.0421875
2 0.1921875 0.36796875 0.02109375 0.0375
2 0.3515625 0.30703125 0.0125 0.04453125
2 0.33984375 0.2875 0.01015625 0.03359375
2 0.56171875 0.2609375 0.0140625 0.02421875
2 0.3859375 0.3140625 0.0109375 0.03359375
2 0.4046875 0.34765625 0.0140625 0.046875
1 0.190625 0.46640625 0.0765625 0.15546875
1 0.4625 0.321875 0.03984375 0.0578125