2 0.4125 0.9 0.0546875 0.178125
2 0.27578125 0.5734375 0.0390625 0.1109375
2 0.7296875 0.7203125 0.05625 0.1421875
2 0.38671875 0.55234375 0.03359375 0.1
2 0.49765625 0.74140625 0.05 0.14453125
2 0.4296875 0.5578125 0.0296875 0.09765625
2 0.57890625 0.6375 0.0328125 0.10703125
2 0.559375 0.2578125 0.01640625 0.0265625
2 0.553125 0.4796875 0.0265625 0.0796875
2 0.19765625 0.38203125 0.0203125 0.053125
2 0.5671875 0.87109375 0.0625 0.2
2 0.35 0.51875 0.02265625 0.078125
2 0.38046875 0.4078125 0.01875 0.0640625
2 0.7921875 0.93203125 0.0671875 0.13125
2 0.67578125 0.6078125 0.0390625 0.11796875
2 0.65546875 0.82421875 0.06875 0.18203125
2 0.6109375 0.57109375 0.0359375 0.10234375
2 0.3890625 0.73125 0.0484375 0.12421875
2 0.71640625 0.95 0.075 0.0953125
2 0.55390625 0.7234375 0.04765625 0.0953125
2 0.5375 0.621875 0.0375 0.09765625
2 0.44375 0.47890625 0.025 0.078125
2 0.39921875 0.46875 0.02109375 0.06640625
2 0.48203125 0.6078125 0.0359375 0.08203125
2 0.4203125 0.4125 0.0171875 0.05546875
2 0.3515625 0.434375 0.02109375 0.046875
2 0.4703125 0.44921875 0.025 0.06640625
2 0.434375 0.3890625 0.0140625 0.04921875
2 0.61875 0.721875 0.02734375 0.084375
2 0.5203125 0.5359375 0.0328125 0.0796875
2 0.47734375 0.54765625 0.03515625 0.06015625
2 0.5046875 0.46015625 0.025 0.0625
2 0.6375 0.70234375 0.0625 0.12890625
2 0.00390625 0.55234375 0.0078125 0.06015625
1 0.8671875 0.73203125 0.2125 0.26015625