0 0.52109375 0.4296875 0.175 0.3
2 0.2515625 0.8234375 0.0484375 0.1625
2 0.44375 0.6125 0.0375 0.11328125
2 0.38203125 0.3578125 0.01875 0.0578125
2 0.4140625 0.81015625 0.0484375 0.1625
2 0.4828125 0.90546875 0.05625 0.17578125
2 0.409375 0.4703125 0.02109375 0.0640625
2 0.5078125 0.77890625 0.0515625 0.1578125
2 0.6078125 0.9375 0.0734375 0.1203125
2 0.0578125 0.48984375 0.02265625 0.06015625
2 0.3703125 0.49921875 0.02109375 0.06875
2 0.190625 0.3203125 0.01875 0.053125
2 0.32890625 0.29296875 0.025 0.0265625
2 0.58984375 0.7859375 0.0625 0.13984375
2 0.60546875 0.73671875 0.03359375 0.14453125
1 0.9234375 0.803125 0.15 0.37109375