2 0.2421875 0.78359375 0.0484375 0.1578125
2 0.24375 0.5703125 0.03515625 0.10859375
2 0.5625 0.534375 0.0375 0.0953125
2 0.5171875 0.58359375 0.0375 0.11328125
2 0.6328125 0.54140625 0.03984375 0.1
2 0.6640625 0.821875 0.06875 0.18671875
2 0.4578125 0.48359375 0.0234375 0.0734375
2 0.20390625 0.37109375 0.0171875 0.04921875
2 0.2296875 0.34296875 0.0140625 0.0375
2 0.478125 0.38984375 0.01875 0.06015625
2 0.50859375 0.3703125 0.0171875 0.05078125
2 0.1796875 0.33671875 0.0140625 0.0375
2 0.39296875 0.371875 0.01875 0.05078125
2 0.3453125 0.31328125 0.0125 0.03984375
2 0.45234375 0.34765625 0.0125 0.0375
2 0.5578125 0.26328125 0.0171875 0.02890625
2 0.6109375 0.446875 0.02734375 0.07109375
2 0.4078125 0.32421875 0.0109375 0.0359375
2 0.38203125 0.3296875 0.0140625 0.0421875
2 0.47109375 0.334375 0.01484375 0.0375
2 0.68515625 0.984375 0.08984375 0.0265625
2 0.3671875 0.29921875 0.00859375 0.03359375