2 0.4859375 0.8296875 0.05234375 0.1890625
2 0.3140625 0.734375 0.04609375 0.13125
2 0.66875 0.88203125 0.07265625 0.178125
2 0.40625 0.61640625 0.03984375 0.11796875
2 0.2640625 0.534375 0.02890625 0.078125
2 0.20625 0.35546875 0.0171875 0.04453125
2 0.5859375 0.51796875 0.0328125 0.0890625
2 0.49609375 0.65859375 0.0453125 0.121875
2 0.40703125 0.4578125 0.02109375 0.07109375
2 0.5421875 0.55 0.0359375 0.0953125
2 0.6453125 0.6859375 0.05 0.10859375
2 0.4546875 0.27890625 0.02734375 0.0421875
2 0.4703125 0.43984375 0.025 0.06640625
2 0.54296875 0.2796875 0.02890625 0.03125
2 0.6359375 0.58984375 0.0421875 0.1
2 0.1375 0.31640625 0.0203125 0.0375
2 0.3765625 0.51328125 0.02890625 0.084375
2 0.47734375 0.50703125 0.025 0.07109375
2 0.49375 0.5421875 0.03515625 0.07109375
2 0.540625 0.51328125 0.03359375 0.09765625
2 0.6828125 0.284375 0.0265625 0.0359375
2 0.50703125 0.2796875 0.03125 0.04921875
1 0.86171875 0.7078125 0.20390625 0.26015625
1 0.63671875 0.471875 0.0984375 0.1359375
1 0.5484375 0.3875 0.0609375 0.09140625