2 0.31953125 0.65 0.0390625 0.13125
2 0.6359375 0.5625 0.0375 0.09765625
2 0.44296875 0.63125 0.03359375 0.10234375
2 0.49765625 0.753125 0.04765625 0.1421875
2 0.5609375 0.94296875 0.06484375 0.10859375
2 0.46796875 0.5859375 0.02890625 0.09140625
2 0.49375 0.50234375 0.0296875 0.0890625
2 0.20546875 0.40078125 0.02109375 0.05546875
2 0.5171875 0.64296875 0.0390625 0.121875
2 0.67734375 0.6375 0.0421875 0.1109375
2 0.6046875 0.84921875 0.0484375 0.1640625
2 0.4703125 0.43125 0.02109375 0.0625
2 0.4234375 0.49453125 0.02265625 0.0734375
2 0.3765625 0.42890625 0.01875 0.0625
2 0.1671875 0.4234375 0.01875 0.0640625
2 0.8578125 0.93125 0.10234375 0.13359375
2 0.71640625 0.92578125 0.08515625 0.14453125
2 0.71171875 0.784375 0.06875 0.1421875
2 0.821875 0.796875 0.0734375 0.1359375
2 0.434375 0.4265625 0.01875 0.0625
2 0.609375 0.72109375 0.0515625 0.0953125
2 0.58359375 0.60234375 0.04765625 0.09765625
2 0.6015625 0.584375 0.0265625 0.10234375
2 0.10234375 0.38984375 0.01484375 0.05078125
2 0.40234375 0.43125 0.01484375 0.0578125
2 0.896875 0.94296875 0.09140625 0.10859375
2 0.17265625 0.38125 0.0171875 0.046875
2 0.3578125 0.396875 0.0140625 0.05078125
2 0.1796875 0.365625 0.01875 0.0421875
2 0.34609375 0.43125 0.0171875 0.06640625
1 0.74140625 0.5734375 0.13515625 0.1640625
1 0.9734375 0.8625 0.05 0.27109375
1 0.5546875 0.44140625 0.0734375 0.10859375
1 0.4734375 0.371875 0.0484375 0.0734375
1 0.534375 0.35859375 0.05625 0.06875