2 0.54375 0.7859375 0.0625 0.17578125
2 0.3078125 0.828125 0.0484375 0.1625
2 0.68359375 0.71796875 0.05234375 0.1421875
2 0.5046875 0.49453125 0.0234375 0.078125
2 0.4734375 0.53671875 0.02890625 0.08203125
2 0.35625 0.43125 0.0203125 0.0625
2 0.28046875 0.6796875 0.04140625 0.10234375
2 0.5390625 0.4359375 0.025 0.06640625
2 0.46328125 0.396875 0.01875 0.06015625
2 0.6796875 0.953125 0.08125 0.0890625
2 0.4390625 0.39765625 0.01640625 0.0625
2 0.42578125 0.41328125 0.01875 0.06640625
2 0.37890625 0.415625 0.0203125 0.0578125
2 0.5234375 0.39453125 0.0203125 0.05078125
2 0.66640625 0.578125 0.0421875 0.09296875
2 0.384375 0.3296875 0.0140625 0.0421875
2 0.36484375 0.33984375 0.01484375 0.04453125
2 0.5125 0.371875 0.0125 0.0421875
2 0.403125 0.3296875 0.0140625 0.046875
2 0.434375 0.3453125 0.0140625 0.03359375
2 0.47421875 0.36328125 0.0140625 0.0421875
1 0.19765625 0.36640625 0.04765625 0.0890625