0 0.3734375 0.2140625 0.0234375 0.046875
2 0.85 0.8140625 0.07734375 0.1625
2 0.6984375 0.54140625 0.0359375 0.09140625
2 0.4890625 0.5421875 0.0375 0.09765625
2 0.56015625 0.58984375 0.0421875 0.1046875
2 0.57578125 0.446875 0.0265625 0.07578125
2 0.4703125 0.3640625 0.01640625 0.0578125
2 0.4140625 0.378125 0.01875 0.0578125
2 0.4390625 0.3578125 0.0140625 0.053125
2 0.3765625 0.33671875 0.0125 0.05078125
2 0.321875 0.37578125 0.01640625 0.04453125
2 0.35625 0.30546875 0.01015625 0.03359375
2 0.49609375 0.35 0.01484375 0.046875
2 0.48203125 0.3296875 0.0109375 0.0375
2 0.3921875 0.32578125 0.0125 0.0421875
2 0.4578125 0.321875 0.01015625 0.0359375
2 0.34140625 0.2890625 0.01015625 0.03125
1 0.2265625 0.63125 0.12734375 0.23984375
1 0.184375 0.4375 0.0609375 0.10234375