2 0.5328125 0.821875 0.0546875 0.16875
2 0.1625 0.6359375 0.03515625 0.10703125
2 0.384375 0.9140625 0.05625 0.16640625
2 0.59296875 0.603125 0.04140625 0.10859375
2 0.78828125 0.95546875 0.09140625 0.084375
2 0.2109375 0.471875 0.0234375 0.06875
2 0.3078125 0.61640625 0.04375 0.11328125
2 0.2390625 0.59453125 0.03359375 0.0953125
2 0.4984375 0.50703125 0.0265625 0.07578125
2 0.3671875 0.3953125 0.01875 0.0578125
2 0.53203125 0.4375 0.0234375 0.06640625
2 0.9328125 0.91328125 0.1046875 0.16875
2 0.4640625 0.5453125 0.02890625 0.08671875
2 0.3484375 0.32109375 0.0109375 0.0375
2 0.41953125 0.43125 0.0234375 0.07109375
2 0.4015625 0.38359375 0.01875 0.05546875
2 0.43203125 0.3421875 0.0140625 0.03984375
2 0.4765625 0.4296875 0.0171875 0.06015625
2 0.38125 0.296875 0.01015625 0.02890625
2 0.36171875 0.33671875 0.0140625 0.0421875
2 0.128125 0.3890625 0.0234375 0.04921875
2 0.48828125 0.4109375 0.0140625 0.04921875
2 0.40625 0.3203125 0.0125 0.03984375
2 0.45546875 0.45703125 0.02109375 0.06015625
2 0.4328125 0.40859375 0.0171875 0.0625
2 0.390625 0.3390625 0.0140625 0.046875
2 0.453125 0.38359375 0.01640625 0.0421875
2 0.00390625 0.5546875 0.0078125 0.0640625
3 0.5203125 0.3546875 0.05859375 0.09140625