0 0.37890625 0.22109375 0.025 0.05078125
2 0.22109375 0.51328125 0.02734375 0.0890625
2 0.5015625 0.7046875 0.0453125 0.1375
2 0.62578125 0.8203125 0.06640625 0.1640625
2 0.8296875 0.7078125 0.06015625 0.1359375
2 0.528125 0.52890625 0.0359375 0.09765625
2 0.57109375 0.4921875 0.02734375 0.08671875
2 0.69296875 0.55078125 0.0390625 0.09765625
2 0.475 0.61015625 0.03984375 0.08203125
2 0.7703125 0.75703125 0.06640625 0.1359375
2 0.371875 0.4 0.01640625 0.0578125
2 0.34140625 0.39140625 0.0171875 0.0578125
2 0.5875 0.41640625 0.02734375 0.06015625
2 0.46328125 0.5234375 0.03125 0.08671875
2 0.48125 0.40234375 0.0171875 0.0625
2 0.4328125 0.47109375 0.02734375 0.0796875
2 0.74453125 0.65859375 0.0484375 0.09140625
2 0.52890625 0.3609375 0.01484375 0.046875
2 0.8140625 0.91875 0.0765625 0.1578125
2 0.50546875 0.39140625 0.01640625 0.04453125
2 0.76875 0.965625 0.08515625 0.0640625
2 0.5359375 0.4421875 0.02109375 0.0625
2 0.41171875 0.346875 0.01640625 0.0578125
2 0.04296875 0.39765625 0.04609375 0.07109375
2 0.3359375 0.2765625 0.0078125 0.02421875
2 0.3921875 0.3578125 0.01640625 0.0625
2 0.071875 0.39921875 0.0359375 0.046875
2 0.4375 0.41875 0.02734375 0.05078125
2 0.4671875 0.38125 0.01640625 0.0640625
2 0.5484375 0.41015625 0.01640625 0.05546875
2 0.671875 0.51015625 0.02890625 0.0734375
2 0.5578125 0.39921875 0.0109375 0.046875
2 0.5171875 0.45234375 0.0234375 0.06015625
2 0.43515625 0.3875 0.025 0.05546875
1 0.20859375 0.3265625 0.04765625 0.053125
1 0.39765625 0.871875 0.2046875 0.25078125