2 0.478125 0.865625 0.05625 0.1796875
2 0.8515625 0.7578125 0.0765625 0.15078125
2 0.375 0.7375 0.0421875 0.12890625
2 0.3640625 0.5203125 0.025 0.084375
2 0.4515625 0.64296875 0.0359375 0.13125
2 0.41171875 0.53203125 0.03125 0.08671875
2 0.56171875 0.59296875 0.03359375 0.09296875
2 0.6203125 0.74296875 0.05 0.14453125
2 0.57734375 0.8203125 0.0546875 0.16015625
2 0.48125 0.553125 0.0296875 0.0890625
2 0.709375 0.8125 0.0609375 0.1625
2 0.5203125 0.5375 0.03125 0.084375
2 0.4546875 0.45078125 0.02109375 0.07109375
2 0.42890625 0.2953125 0.01484375 0.03984375
2 0.47734375 0.42890625 0.02265625 0.06640625
2 0.39296875 0.31640625 0.0109375 0.03359375
2 0.43671875 0.38359375 0.01640625 0.05078125
2 0.15859375 0.39296875 0.0125 0.04921875
2 0.128125 0.39140625 0.0234375 0.04453125
2 0.3625 0.30703125 0.01015625 0.03125
2 0.4015625 0.25859375 0.00859375 0.02421875
2 0.3703125 0.27109375 0.01015625 0.03125
2 0.3765625 0.40546875 0.01640625 0.05078125
2 0.7140625 0.71796875 0.05625 0.12890625
2 0.0046875 0.553125 0.00859375 0.0625
1 0.69453125 0.55 0.1109375 0.1578125
1 0.48359375 0.31796875 0.03984375 0.06640625