2 0.4515625 0.67421875 0.0421875 0.121875
2 0.54140625 0.51796875 0.0296875 0.09296875
2 0.3546875 0.5109375 0.02265625 0.084375
2 0.39296875 0.365625 0.01640625 0.046875
2 0.4265625 0.3921875 0.01484375 0.05546875
2 0.4453125 0.37890625 0.0171875 0.05078125
2 0.35546875 0.53359375 0.0140625 0.03984375
2 0.04609375 0.4078125 0.03984375 0.05078125
1 0.26015625 0.67890625 0.1328125 0.22421875
1 0.0328125 0.5390625 0.065625 0.1375
1 0.56171875 0.40234375 0.0734375 0.10234375
1 0.49453125 0.34921875 0.04609375 0.06640625
1 0.859375 0.8203125 0.27890625 0.35546875