2 0.25703125 0.59921875 0.03359375 0.1046875
2 0.4921875 0.565625 0.03125 0.09140625
2 0.66640625 0.5796875 0.0421875 0.09296875
2 0.5109375 0.4203125 0.02265625 0.06640625
2 0.7421875 0.78671875 0.0671875 0.16015625
2 0.41015625 0.48359375 0.025 0.0734375
2 0.4703125 0.4421875 0.0234375 0.07109375
2 0.4296875 0.41640625 0.02109375 0.06015625
2 0.86796875 0.8296875 0.08125 0.16640625
2 0.3984375 0.38359375 0.0171875 0.05078125
2 0.546875 0.39140625 0.02109375 0.053125
2 0.571875 0.584375 0.0359375 0.10703125
2 0.33203125 0.3234375 0.0140625 0.0421875
2 0.60078125 0.4359375 0.0234375 0.0625
2 0.1421875 0.321875 0.0203125 0.03984375
2 0.8421875 0.9421875 0.04765625 0.1109375
2 0.4421875 0.36875 0.0171875 0.04921875
2 0.1953125 0.3578125 0.0171875 0.04453125
2 0.8203125 0.92890625 0.09140625 0.1375
2 0.35 0.328125 0.0125 0.0421875
2 0.4984375 0.35078125 0.0125 0.04453125
2 0.3625 0.3421875 0.01484375 0.053125
2 0.3734375 0.328125 0.0109375 0.0375
2 0.4046875 0.3296875 0.01484375 0.046875
2 0.56796875 0.47421875 0.0265625 0.06875
2 0.1859375 0.328125 0.02265625 0.05078125
2 0.5390625 0.3640625 0.01484375 0.04453125
2 0.5453125 0.2625 0.0140625 0.0359375
2 0.4734375 0.3890625 0.0203125 0.03984375
1 0.4078125 0.8875 0.225 0.2203125
1 0.19140625 0.42421875 0.0578125 0.09296875