0 0.371875 0.20859375 0.02109375 0.0359375
2 0.48515625 0.41875 0.02265625 0.0734375
2 0.54140625 0.39765625 0.0171875 0.053125
2 0.15390625 0.39765625 0.01484375 0.04921875
2 0.4078125 0.3265625 0.01640625 0.053125
2 0.37890625 0.315625 0.01484375 0.053125
2 0.465625 0.3609375 0.0140625 0.046875
2 0.4390625 0.35078125 0.0140625 0.04921875
2 0.35625 0.30546875 0.0125 0.0421875
2 0.046875 0.4078125 0.0390625 0.05078125
2 0.071875 0.396875 0.0359375 0.05078125
2 0.4765625 0.35 0.0125 0.0421875
2 0.53203125 0.28125 0.00859375 0.0203125
1 0.4953125 0.90078125 0.2578125 0.19296875
1 0.21875 0.53671875 0.0828125 0.13984375
1 0.1953125 0.446875 0.0671875 0.10234375