2 0.34765625 0.91015625 0.05234375 0.16640625
2 0.50859375 0.9140625 0.0625 0.16640625
2 0.3765625 0.6578125 0.0390625 0.115625
2 0.63515625 0.72109375 0.04765625 0.14453125
2 0.4546875 0.7375 0.04765625 0.146875
2 0.58828125 0.8125 0.0515625 0.14921875
2 0.5125 0.66875 0.03984375 0.1203125
2 0.6484375 0.5578125 0.0328125 0.0890625
2 0.82578125 0.9625 0.0984375 0.07109375
2 0.446875 0.5859375 0.03359375 0.09140625
2 0.48828125 0.46640625 0.0234375 0.07578125
2 0.409375 0.4765625 0.0234375 0.0734375
2 0.7390625 0.82421875 0.0609375 0.1640625
2 0.3421875 0.396875 0.01484375 0.05078125
2 0.946875 0.9609375 0.10390625 0.0734375
2 0.58046875 0.65546875 0.0390625 0.07578125
2 0.84609375 0.828125 0.075 0.16640625
2 0.3609375 0.45546875 0.0234375 0.07109375
2 0.73671875 0.6921875 0.05859375 0.1
2 0.553125 0.5703125 0.0359375 0.08671875
2 0.321875 0.37578125 0.01640625 0.04453125
2 0.21640625 0.4375 0.0203125 0.04921875
2 0.3921875 0.5640625 0.03515625 0.0796875
2 0.4609375 0.44453125 0.01875 0.06640625
2 0.38671875 0.48359375 0.0234375 0.06015625
2 0.10390625 0.4265625 0.025 0.04921875
2 0.43828125 0.48359375 0.0234375 0.06875
2 0.10078125 0.41640625 0.0359375 0.06875
2 0.7609375 0.56875 0.0171875 0.06640625
2 0.52578125 0.50234375 0.01875 0.07109375
2 0.43203125 0.41640625 0.01875 0.05078125
2 0.71171875 0.94296875 0.07109375 0.10859375
2 0.50546875 0.58671875 0.0359375 0.0796875
3 0.88125 0.64765625 0.23515625 0.3890625
1 0.21015625 0.53203125 0.08984375 0.13984375
1 0.56484375 0.396875 0.0625 0.08671875