2 0.4421875 0.44140625 0.01875 0.0640625
2 0.4859375 0.3875 0.0171875 0.05546875
2 0.23203125 0.37109375 0.01640625 0.04921875
2 0.39453125 0.3859375 0.01875 0.05546875
2 0.5390625 0.3953125 0.01875 0.0625
2 0.4359375 0.35234375 0.01484375 0.05078125
2 0.3703125 0.3265625 0.0125 0.04453125
2 0.4609375 0.35703125 0.01484375 0.0421875
2 0.5078125 0.3640625 0.01640625 0.04453125
2 0.41015625 0.3453125 0.0125 0.0421875
2 0.18359375 0.3359375 0.01015625 0.03125
2 0.1953125 0.34765625 0.01875 0.0421875
1 0.18671875 0.41875 0.0609375 0.10859375