2 0.2625 0.9390625 0.0578125 0.11796875
2 0.4265625 0.85234375 0.06484375 0.1796875
2 0.3828125 0.70234375 0.0421875 0.12890625
2 0.2265625 0.50546875 0.02890625 0.08671875
2 0.4859375 0.678125 0.04375 0.1375
2 0.190625 0.35 0.01640625 0.05078125
2 0.5140625 0.9421875 0.05859375 0.1109375
2 0.43515625 0.58125 0.03515625 0.1046875
2 0.66328125 0.8390625 0.06640625 0.16640625
2 0.72421875 0.95546875 0.1015625 0.084375
2 0.56484375 0.73359375 0.0453125 0.146875
2 0.3765625 0.45546875 0.0234375 0.07109375
2 0.36484375 0.58671875 0.03515625 0.0890625
2 0.6296875 0.7125 0.0578125 0.10859375
2 0.3453125 0.44453125 0.0171875 0.07578125
2 0.5359375 0.8234375 0.05 0.153125
2 0.4859375 0.49296875 0.0265625 0.0796875
2 0.59453125 0.53359375 0.02890625 0.09296875
2 0.5484375 0.4546875 0.02109375 0.06875
2 0.5265625 0.521875 0.03125 0.07109375
2 0.4078125 0.471875 0.02265625 0.0734375
2 0.9078125 0.97109375 0.1 0.053125
2 0.4609375 0.453125 0.01875 0.06640625
2 0.50859375 0.40859375 0.02265625 0.0625
2 0.3390625 0.378125 0.01484375 0.04921875
2 0.41015625 0.371875 0.01484375 0.046875
2 0.47890625 0.55703125 0.0296875 0.06875
2 0.4453125 0.4796875 0.02265625 0.07109375
2 0.4734375 0.4 0.01875 0.0625
2 0.4421875 0.38984375 0.01875 0.05078125
2 0.5796875 0.4625 0.0265625 0.0625
2 0.571875 0.5796875 0.02890625 0.0890625
2 0.421875 0.415625 0.01640625 0.0578125
2 0.8390625 0.96328125 0.09375 0.06875
2 0.609375 0.915625 0.07109375 0.1640625
1 0.89765625 0.80078125 0.20234375 0.3046875
1 0.6796875 0.528125 0.11640625 0.14453125