0 0.209375 0.24921875 0.09375 0.06640625
2 0.384375 0.60703125 0.02890625 0.10703125
2 0.48359375 0.80703125 0.04765625 0.146875
2 0.7296875 0.91328125 0.0765625 0.16875
2 0.36875 0.4546875 0.02265625 0.0734375
2 0.44296875 0.671875 0.04375 0.121875
2 0.14921875 0.44765625 0.02109375 0.0734375
2 0.42890625 0.4203125 0.02265625 0.0625
2 0.5265625 0.67578125 0.04375 0.13359375
2 0.6921875 0.734375 0.05625 0.14453125
2 0.55 0.46640625 0.02734375 0.07578125
2 0.5640625 0.62109375 0.03515625 0.10859375
2 0.6171875 0.8390625 0.06640625 0.08671875
2 0.6140625 0.7203125 0.05234375 0.115625
2 0.17265625 0.3734375 0.0171875 0.04921875
2 0.48828125 0.4421875 0.0265625 0.07109375
2 0.3203125 0.28359375 0.0203125 0.03359375
2 0.5984375 0.50546875 0.02265625 0.08203125
2 0.0453125 0.4109375 0.04140625 0.04921875
2 0.9171875 0.9734375 0.03515625 0.04921875
2 0.3875 0.36015625 0.0203125 0.0625
2 0.4578125 0.39453125 0.0171875 0.05078125
2 0.5828125 0.57109375 0.02890625 0.09296875
2 0.45625 0.5796875 0.0296875 0.09296875
2 0.6765625 0.634375 0.04140625 0.0953125
2 0.415625 0.37109375 0.01640625 0.04921875
2 0.371875 0.33671875 0.0140625 0.0421875
2 0.490625 0.3875 0.01875 0.046875
2 0.4453125 0.353125 0.01484375 0.04453125
2 0.465625 0.5 0.0265625 0.07109375
2 0.3421875 0.34921875 0.02265625 0.0578125
2 0.32578125 0.39296875 0.0140625 0.04453125
2 0.65703125 0.63203125 0.02890625 0.09140625
1 0.7921875 0.6203125 0.1828125 0.23984375
1 0.2109375 0.38671875 0.0515625 0.09296875
1 0.53203125 0.3640625 0.05625 0.07109375