2 0.7546875 0.965625 0.1 0.0640625
2 0.19296875 0.546875 0.03125 0.084375
2 0.2453125 0.64765625 0.03984375 0.11796875
2 0.45234375 0.8265625 0.075 0.1734375
2 0.221875 0.4890625 0.0265625 0.07578125
2 0.16171875 0.42109375 0.02109375 0.06015625
2 0.49765625 0.27890625 0.025 0.03359375
2 0.40625 0.28203125 0.025 0.03125
2 0.3578125 0.2890625 0.0234375 0.0265625
2 0.3828125 0.278125 0.02109375 0.0359375
2 0.075 0.546875 0.02734375 0.0796875
2 0.325 0.284375 0.0296875 0.0359375
2 0.12421875 0.303125 0.0234375 0.03359375
2 0.5359375 0.28203125 0.02265625 0.03125
2 0.5640625 0.2796875 0.02265625 0.0265625
1 0.21640625 0.36796875 0.05 0.08671875