2 0.2265625 0.9421875 0.07109375 0.1109375
2 0.53828125 0.8765625 0.0609375 0.1796875
2 0.46171875 0.67421875 0.0390625 0.11328125
2 0.67109375 0.85546875 0.0671875 0.15546875
2 0.58046875 0.5 0.03125 0.0796875
2 0.421875 0.53359375 0.03125 0.09296875
2 0.55 0.41328125 0.0203125 0.0625
2 0.71640625 0.7765625 0.06484375 0.17109375
2 0.3765625 0.47578125 0.02265625 0.07109375
2 0.35 0.42578125 0.0203125 0.0640625
2 0.675 0.48984375 0.02734375 0.0734375
2 0.796875 0.7640625 0.06640625 0.12421875
2 0.18515625 0.5296875 0.0296875 0.08671875
2 0.6296875 0.465625 0.02734375 0.0734375
2 0.225 0.46796875 0.02265625 0.05546875
2 0.1859375 0.434375 0.02265625 0.05546875
2 0.5203125 0.4265625 0.02109375 0.0625
2 0.2078125 0.403125 0.0171875 0.05546875
2 0.7078125 0.66015625 0.0546875 0.0796875
2 0.5359375 0.665625 0.0484375 0.1265625
2 0.9078125 0.915625 0.1015625 0.1640625
2 0.4078125 0.4640625 0.02265625 0.07109375
2 0.39296875 0.39453125 0.01640625 0.05546875
2 0.89765625 0.7765625 0.0828125 0.11328125
2 0.37265625 0.3390625 0.01484375 0.05546875
2 0.42578125 0.3859375 0.01640625 0.05078125
2 0.1859375 0.35078125 0.0125 0.04453125
2 0.46796875 0.565625 0.03125 0.0734375
2 0.4609375 0.42890625 0.02265625 0.053125
2 0.35546875 0.32890625 0.0140625 0.04453125
2 0.09453125 0.46796875 0.0265625 0.06015625
2 0.3984375 0.3453125 0.01484375 0.0375
2 0.81875 0.92578125 0.0796875 0.14453125
2 0.409375 0.4203125 0.01875 0.04453125
2 0.26796875 0.50859375 0.0140625 0.03125
2 0.51171875 0.534375 0.0359375 0.078125
2 0.4953125 0.47578125 0.0296875 0.0578125
2 0.065625 0.4609375 0.0234375 0.06875
1 0.24921875 0.5921875 0.12890625 0.20234375