0 0.2359375 0.23984375 0.03515625 0.053125
2 0.4 0.3640625 0.01484375 0.04921875
2 0.18515625 0.5109375 0.02734375 0.0890625
2 0.4578125 0.34921875 0.01484375 0.04453125
2 0.37421875 0.33203125 0.0140625 0.05546875
2 0.18515625 0.39140625 0.0171875 0.053125
2 0.4140625 0.3109375 0.0125 0.03984375
2 0.4453125 0.32578125 0.0109375 0.0375
2 0.42734375 0.30703125 0.0125 0.0359375
2 0.3578125 0.30703125 0.01015625 0.03125
2 0.18046875 0.32578125 0.01640625 0.0375
2 0.4765625 0.2546875 0.00625 0.02890625
2 0.48125 0.31796875 0.0125 0.0359375
1 0.2671875 0.6109375 0.13359375 0.2265625