2 0.175 0.56015625 0.02734375 0.084375
2 0.2 0.38671875 0.0203125 0.053125
2 0.62265625 0.90234375 0.0703125 0.19140625
2 0.94921875 0.95078125 0.0984375 0.09296875
2 0.26796875 0.62890625 0.03359375 0.09765625
2 0.4359375 0.6421875 0.0359375 0.1203125
2 0.5390625 0.62890625 0.03515625 0.1109375
2 0.390625 0.56640625 0.02890625 0.0890625
2 0.5984375 0.7390625 0.05234375 0.121875
2 0.75078125 0.83984375 0.0734375 0.18203125
2 0.4984375 0.52421875 0.02890625 0.084375
2 0.465625 0.5953125 0.0359375 0.115625
2 0.2875 0.57109375 0.02265625 0.0890625
2 0.5671875 0.6 0.03125 0.10234375
2 0.62734375 0.6421875 0.03984375 0.115625
2 0.4734375 0.4421875 0.0203125 0.0625
2 0.3515625 0.48125 0.0234375 0.0734375
2 0.5953125 0.421875 0.01875 0.053125
2 0.42109375 0.53125 0.02734375 0.084375
2 0.3703125 0.40859375 0.0171875 0.053125
2 0.74375 0.953125 0.0875 0.0890625
2 0.6390625 0.471875 0.01875 0.06875
2 0.63046875 0.50546875 0.0265625 0.078125
2 0.6484375 0.60078125 0.02890625 0.10859375
2 0.5015625 0.2453125 0.0109375 0.03359375
2 0.4484375 0.478125 0.02109375 0.0625
2 0.575 0.51328125 0.02734375 0.07578125
1 0.4140625 0.85859375 0.2265625 0.278125
1 0.83984375 0.6453125 0.2 0.26875