2 0.58671875 0.6046875 0.04140625 0.1203125
2 0.47578125 0.74140625 0.0484375 0.13984375
2 0.4328125 0.41796875 0.0171875 0.0578125
2 0.35546875 0.53671875 0.0265625 0.1
2 0.4578125 0.40078125 0.0171875 0.05546875
2 0.3953125 0.3765625 0.01875 0.05078125
2 0.04609375 0.4078125 0.03984375 0.05078125
2 0.4171875 0.34765625 0.0140625 0.0421875
2 0.22734375 0.35 0.01015625 0.03359375
2 0.071875 0.39921875 0.0359375 0.0421875
1 0.3 0.76875 0.16015625 0.27578125
1 0.93984375 0.934375 0.1171875 0.1265625
1 0.59453125 0.43359375 0.0859375 0.115625
1 0.0328125 0.5390625 0.065625 0.1375
1 0.509375 0.36796875 0.0515625 0.0734375