2 0.5546875 0.4921875 0.02734375 0.078125
2 0.1609375 0.55703125 0.03359375 0.08203125
2 0.32265625 0.765625 0.0453125 0.13984375
2 0.45703125 0.33203125 0.01640625 0.05546875
2 0.0984375 0.50234375 0.0234375 0.07109375
2 0.4765625 0.31640625 0.0109375 0.0375
2 0.49140625 0.3359375 0.0125 0.04453125
2 0.3828125 0.328125 0.0140625 0.046875
2 0.34453125 0.29140625 0.0109375 0.03984375
2 0.5015625 0.32421875 0.0125 0.0359375
2 0.39375 0.315625 0.0125 0.03984375
2 0.19609375 0.34453125 0.0171875 0.03125
1 0.1984375 0.41640625 0.0640625 0.11796875