2 0.2328125 0.8453125 0.04765625 0.14921875
2 0.2125 0.47578125 0.02734375 0.0796875
2 0.3515625 0.92109375 0.0625 0.153125
2 0.8890625 0.9 0.09609375 0.1953125
2 0.3875 0.76640625 0.05234375 0.15546875
2 0.4140625 0.5296875 0.0328125 0.09140625
2 0.1828125 0.34140625 0.0171875 0.0421875
2 0.70703125 0.86796875 0.0734375 0.1625
2 0.51640625 0.65078125 0.0328125 0.1109375
2 0.5546875 0.81875 0.05625 0.17109375
2 0.4546875 0.6109375 0.0375 0.115625
2 0.37109375 0.62578125 0.0375 0.08671875
2 0.46953125 0.44921875 0.0234375 0.07109375
2 0.37421875 0.42421875 0.02109375 0.06640625
2 0.759375 0.83125 0.05390625 0.1421875
2 0.9734375 0.784375 0.0515625 0.10703125
2 0.4875 0.25078125 0.01015625 0.0265625
2 0.490625 0.721875 0.04140625 0.12890625
2 0.4734375 0.85546875 0.0484375 0.15546875
2 0.596875 0.72890625 0.0484375 0.1375
2 0.3609375 0.53359375 0.0296875 0.07109375
2 0.5234375 0.421875 0.02265625 0.06640625
2 0.5828125 0.62890625 0.0453125 0.084375
2 0.55703125 0.4796875 0.02109375 0.0796875
2 0.434375 0.446875 0.0234375 0.07109375
2 0.5453125 0.53203125 0.02890625 0.08671875
2 0.3421875 0.41875 0.01484375 0.0640625
2 0.5703125 0.2578125 0.0140625 0.0265625
2 0.559375 0.98125 0.07109375 0.03359375
2 0.46328125 0.37578125 0.01640625 0.04921875
2 0.4546875 0.5109375 0.0234375 0.06640625
2 0.64296875 0.85078125 0.06875 0.12421875
2 0.4140625 0.39453125 0.01484375 0.05078125
2 0.4953125 0.38359375 0.0171875 0.046875
2 0.6421875 0.9203125 0.08515625 0.15546875
2 0.55 0.41640625 0.02265625 0.05078125
2 0.50390625 0.52109375 0.02265625 0.08671875
2 0.40078125 0.44140625 0.02109375 0.05546875
2 0.00390625 0.55078125 0.0078125 0.0578125
1 0.7859375 0.6640625 0.16484375 0.221875
1 0.62890625 0.471875 0.0953125 0.11796875