2 0.5953125 0.78359375 0.0578125 0.1578125
2 0.228125 0.5546875 0.03125 0.0953125
2 0.4328125 0.4859375 0.02734375 0.078125
2 0.72265625 0.65 0.05234375 0.121875
2 0.375 0.9625 0.075 0.07109375
2 0.5765625 0.4546875 0.0234375 0.0734375
2 0.4890625 0.946875 0.07109375 0.10234375
2 0.39609375 0.3859375 0.02265625 0.06015625
2 0.18671875 0.37109375 0.01875 0.053125
2 0.64609375 0.63203125 0.0453125 0.10859375
2 0.1046875 0.446875 0.02265625 0.06640625
2 0.3546875 0.346875 0.01640625 0.053125
2 0.6015625 0.64296875 0.04609375 0.1046875
2 0.6390625 0.49296875 0.02734375 0.07578125
2 0.43671875 0.3890625 0.01875 0.053125
2 0.5171875 0.36015625 0.01484375 0.04921875
2 0.56796875 0.2609375 0.0140625 0.02421875
2 0.490625 0.446875 0.0234375 0.07109375
2 0.46875 0.371875 0.01484375 0.05546875
2 0.4234375 0.35 0.01484375 0.05078125
2 0.5421875 0.3609375 0.01484375 0.0421875
2 0.56015625 0.38203125 0.0171875 0.053125
2 0.37890625 0.3078125 0.01484375 0.046875
2 0.5 0.38125 0.01484375 0.05078125
2 0.9421875 0.9734375 0.0484375 0.04921875
2 0.1765625 0.33359375 0.01484375 0.04921875
2 0.0578125 0.42890625 0.025 0.07578125
2 0.00390625 0.553125 0.0078125 0.0625