0 0.575 0.69140625 0.2828125 0.5640625
2 0.3890625 0.57578125 0.0296875 0.10234375
2 0.2328125 0.68359375 0.0421875 0.1359375
2 0.334375 0.5 0.0234375 0.07578125
2 0.6375 0.44921875 0.0328125 0.09296875
2 0.36171875 0.3796875 0.01640625 0.04921875
2 0.40078125 0.384375 0.01875 0.053125
2 0.390625 0.3265625 0.0140625 0.0359375
2 0.3546875 0.43203125 0.0171875 0.06015625
2 0.5 0.39765625 0.0125 0.03125
2 0.40234375 0.26875 0.01015625 0.03125
2 0.4046875 0.2296875 0.0078125 0.0203125
2 0.3734375 0.24765625 0.0078125 0.02890625
2 0.34296875 0.25078125 0.00859375 0.0265625
2 0.40390625 0.3375 0.01484375 0.03984375
2 0.3953125 0.27578125 0.0078125 0.0359375
1 0.7671875 0.60234375 0.17265625 0.23125