2 0.21171875 0.68125 0.0390625 0.11328125
2 0.39140625 0.77109375 0.0453125 0.1421875
2 0.2953125 0.64453125 0.03984375 0.1203125
2 0.46015625 0.665625 0.0421875 0.13125
2 0.50234375 0.87578125 0.06015625 0.18671875
2 0.3546875 0.45703125 0.0203125 0.0640625
2 0.50859375 0.6359375 0.03984375 0.115625
2 0.8890625 0.8640625 0.0796875 0.18203125
2 0.3859375 0.49453125 0.0234375 0.0734375
2 0.59765625 0.87109375 0.06484375 0.18671875
2 0.7140625 0.6875 0.0546875 0.121875
2 0.190625 0.33203125 0.01640625 0.0421875
2 0.52109375 0.5140625 0.02734375 0.08671875
2 0.6109375 0.61015625 0.0359375 0.1046875
2 0.203125 0.4265625 0.02109375 0.06640625
2 0.43515625 0.55546875 0.0296875 0.09296875
2 0.49375 0.4578125 0.02265625 0.06640625
2 0.3921875 0.61796875 0.0359375 0.0890625
2 0.4171875 0.47578125 0.0265625 0.07578125
2 0.57890625 0.70234375 0.0546875 0.0890625
2 0.16015625 0.328125 0.01484375 0.0375
2 0.47734375 0.4890625 0.0203125 0.07578125
2 0.3375 0.34140625 0.0125 0.06015625
2 0.6953125 0.90546875 0.06640625 0.184375
2 0.53828125 0.49296875 0.01640625 0.07578125
2 0.1359375 0.315625 0.01640625 0.03984375
2 0.6796875 0.60703125 0.03515625 0.09765625
2 0.80390625 0.93125 0.08515625 0.13359375
2 0.6125 0.51015625 0.0296875 0.078125
2 0.553125 0.45546875 0.0234375 0.07109375
2 0.66484375 0.7703125 0.0625 0.11796875
2 0.3859375 0.4140625 0.02109375 0.05078125
2 0.5234375 0.42109375 0.02265625 0.046875
2 0.7078125 0.5390625 0.02890625 0.08671875
2 0.57265625 0.51640625 0.0296875 0.078125
2 0.46015625 0.50546875 0.0203125 0.0734375
2 0.65 0.54921875 0.03515625 0.0796875
2 0.65859375 0.96875 0.08515625 0.0578125
2 0.6546875 0.68671875 0.05390625 0.0890625
2 0.82421875 0.8796875 0.08359375 0.19140625