2 0.3640625 0.7953125 0.05234375 0.16015625
2 0.5109375 0.85703125 0.05234375 0.1578125
2 0.45234375 0.715625 0.05234375 0.146875
2 0.71875 0.93359375 0.07734375 0.12890625
2 0.39140625 0.65859375 0.03984375 0.121875
2 0.61328125 0.84921875 0.0515625 0.15546875
2 0.3609375 0.28203125 0.01015625 0.03984375
2 0.4359375 0.39453125 0.0171875 0.06015625
2 0.675 0.7109375 0.05234375 0.1375
2 0.5734375 0.94765625 0.07109375 0.1
2 0.359375 0.4359375 0.0265625 0.07578125
2 0.4609375 0.584375 0.03125 0.10703125
2 0.5390625 0.7078125 0.0421875 0.13984375
2 0.371875 0.37578125 0.01875 0.0625
2 0.53515625 0.58671875 0.03984375 0.0796875
2 0.63515625 0.58203125 0.03984375 0.09765625
2 0.503125 0.4703125 0.0265625 0.0640625
2 0.9421875 0.9421875 0.0484375 0.1109375
2 0.39140625 0.3953125 0.0171875 0.07578125
2 0.4078125 0.44140625 0.02109375 0.06015625
2 0.52578125 0.5125 0.03359375 0.0640625
2 0.628125 0.74296875 0.0359375 0.1265625
2 0.91015625 0.9421875 0.11015625 0.1109375
2 0.3734375 0.3265625 0.0125 0.0359375
2 0.40703125 0.57890625 0.0359375 0.0953125
2 0.46953125 0.54453125 0.03125 0.10703125
2 0.41875 0.51796875 0.025 0.07109375
2 0.3890625 0.28125 0.01015625 0.0375
2 0.5125 0.4265625 0.0203125 0.04921875
2 0.409375 0.38671875 0.01640625 0.04453125
2 0.40703125 0.5234375 0.0359375 0.06875
2 0.3984375 0.34296875 0.0140625 0.0421875
2 0.4703125 0.49296875 0.0296875 0.053125
1 0.55 0.38984375 0.06484375 0.08203125