0 0.7109375 0.6125 0.1875 0.29140625
2 0.63984375 0.946875 0.0828125 0.10234375
2 0.40703125 0.82421875 0.05390625 0.16875
2 0.5921875 0.71640625 0.0484375 0.121875
2 0.43125 0.60859375 0.03515625 0.1109375
2 0.5234375 0.7953125 0.0546875 0.15078125
2 0.20390625 0.47109375 0.02265625 0.07109375
2 0.50703125 0.546875 0.02890625 0.084375
2 0.56640625 0.596875 0.0375 0.1046875
2 0.20859375 0.35234375 0.01484375 0.0375
2 0.3765625 0.415625 0.0171875 0.053125
2 0.3984375 0.3953125 0.01875 0.0625
2 0.51953125 0.39140625 0.01875 0.04921875
2 0.16640625 0.32578125 0.01484375 0.0375
2 0.35625 0.365625 0.01484375 0.05078125
2 0.42890625 0.4359375 0.0203125 0.0578125
2 0.56328125 0.4875 0.0265625 0.05546875
2 0.44921875 0.50859375 0.0265625 0.0890625
2 0.340625 0.34296875 0.0140625 0.05546875
2 0.721875 0.89765625 0.08359375 0.2
2 0.54453125 0.2546875 0.0109375 0.02421875
2 0.4859375 0.284375 0.00859375 0.03125
2 0.5078125 0.46875 0.0359375 0.0625
2 0.4234375 0.53359375 0.02890625 0.06640625
2 0.50078125 0.44140625 0.02109375 0.05078125
2 0.4296875 0.41640625 0.02109375 0.06015625
1 0.5796875 0.4109375 0.07734375 0.09296875