2 0.33515625 0.9109375 0.0546875 0.1734375
2 0.23203125 0.515625 0.03125 0.0796875
2 0.290625 0.61328125 0.0390625 0.1109375
2 0.40546875 0.2796875 0.0234375 0.0359375
2 0.35703125 0.75859375 0.04609375 0.1578125
2 0.2171875 0.41640625 0.0234375 0.0640625
2 0.48671875 0.2796875 0.0234375 0.03125
2 0.55625 0.27578125 0.02265625 0.0359375
2 0.3390625 0.2859375 0.025 0.03359375
2 0.44296875 0.28671875 0.0265625 0.03125
2 0.43515625 0.27578125 0.025 0.03125
2 0.0046875 0.55234375 0.00859375 0.0640625