2 0.71640625 0.8859375 0.07734375 0.19765625
2 0.39453125 0.55859375 0.03125 0.0953125
2 0.6359375 0.88984375 0.075 0.19765625
2 0.17734375 0.7203125 0.04765625 0.1375
2 0.51640625 0.60546875 0.0421875 0.10859375
2 0.46015625 0.5390625 0.03515625 0.0953125
2 0.634375 0.5734375 0.04140625 0.09296875
2 0.5109375 0.91875 0.07734375 0.1578125
2 0.203125 0.603125 0.0359375 0.0953125
2 0.5453125 0.5203125 0.03359375 0.09296875
2 0.1625 0.4421875 0.02265625 0.07578125
2 0.80078125 0.86328125 0.08125 0.23359375
2 0.46875 0.37578125 0.0171875 0.0578125
2 0.8796875 0.8203125 0.09140625 0.178125
2 0.72890625 0.7203125 0.0578125 0.1375
2 0.2109375 0.41015625 0.0171875 0.06015625
2 0.48828125 0.43984375 0.02109375 0.06640625
2 0.5078125 0.4125 0.0203125 0.06015625
2 0.3734375 0.35234375 0.01484375 0.046875
2 0.23671875 0.5125 0.0265625 0.078125
2 0.4265625 0.48984375 0.02734375 0.08203125
2 0.19453125 0.3921875 0.01875 0.05546875
2 0.9140625 0.76328125 0.03984375 0.13984375
2 0.45078125 0.33984375 0.0140625 0.04453125
2 0.43359375 0.30234375 0.0125 0.04921875
2 0.35703125 0.3390625 0.0140625 0.05078125
2 0.41015625 0.38125 0.01484375 0.05078125
2 0.3984375 0.3703125 0.01484375 0.046875
2 0.53359375 0.4078125 0.0203125 0.046875
2 0.5390625 0.44453125 0.02109375 0.0625
2 0.17265625 0.3796875 0.0203125 0.0578125
1 0.284375 0.70234375 0.13359375 0.23984375
1 0.6421875 0.471875 0.09375 0.1265625