0 0.196875 0.2546875 0.06875 0.078125
2 0.3453125 0.91328125 0.05859375 0.16875
2 0.1828125 0.47109375 0.0234375 0.06640625
2 0.2125 0.43671875 0.025 0.0734375
2 0.19453125 0.3640625 0.0140625 0.04453125
2 0.45703125 0.26875 0.0140625 0.03984375
2 0.17109375 0.3296875 0.01484375 0.0421875
2 0.16953125 0.41796875 0.01640625 0.053125
2 0.415625 0.27109375 0.00859375 0.0359375
2 0.3390625 0.2640625 0.0125 0.03984375
2 0.18359375 0.32109375 0.01484375 0.0375
2 0.2109375 0.3875 0.0140625 0.03359375
2 0.1328125 0.303125 0.01015625 0.02421875
2 0.45546875 0.2734375 0.00859375 0.03125