2 0.4 0.6734375 0.0375 0.12421875
2 0.6265625 0.52890625 0.0296875 0.0796875
2 0.53359375 0.77421875 0.05234375 0.1578125
2 0.4421875 0.61875 0.0375 0.10859375
2 0.4265625 0.35859375 0.0125 0.046875
2 0.3453125 0.73203125 0.03515625 0.121875
2 0.47890625 0.32578125 0.0125 0.0375
2 0.5625 0.2578125 0.01484375 0.03125
2 0.4109375 0.28203125 0.00859375 0.0265625
2 0.66015625 0.71875 0.0546875 0.13984375
2 0.3875 0.28359375 0.01015625 0.02890625
2 0.3359375 0.2796875 0.01015625 0.0359375
2 0.4453125 0.24765625 0.00625 0.0203125
2 0.6734375 0.65859375 0.02734375 0.11796875
2 0.3984375 0.26875 0.0078125 0.021875
2 0.359375 0.27109375 0.00859375 0.021875
2 0.378125 0.25234375 0.00859375 0.02421875
2 0.42734375 0.2421875 0.0078125 0.021875
1 0.7953125 0.66015625 0.19140625 0.27109375