2 0.5984375 0.7765625 0.05234375 0.16640625
2 0.4578125 0.3703125 0.0171875 0.05078125
2 0.4140625 0.3625 0.0171875 0.04921875
2 0.61796875 0.46328125 0.02890625 0.0640625
2 0.38046875 0.328125 0.0140625 0.0421875
2 0.40390625 0.3125 0.0125 0.0375
2 0.4296875 0.321875 0.0125 0.03984375
2 0.5515625 0.25859375 0.01484375 0.02421875
2 0.50546875 0.2609375 0.0109375 0.02421875
2 0.15078125 0.384375 0.01640625 0.04921875
2 0.35234375 0.33125 0.01484375 0.04453125
2 0.43359375 0.2953125 0.01015625 0.0265625
2 0.35234375 0.26328125 0.0078125 0.02890625
2 0.38984375 0.2640625 0.0078125 0.021875
1 0.7265625 0.55 0.12109375 0.14921875
1 0.86484375 0.86328125 0.2375 0.26875
1 0.1984375 0.36015625 0.04609375 0.084375
1 0.9390625 0.8375 0.11875 0.315625