2 0.3296875 0.93671875 0.09609375 0.121875
2 0.24765625 0.384375 0.0171875 0.04453125
2 0.496875 0.77578125 0.04609375 0.1375
2 0.43828125 0.6765625 0.04375 0.13125
2 0.1796875 0.4140625 0.01875 0.06015625
2 0.3046875 0.521875 0.04765625 0.084375
2 0.6375 0.871875 0.0625 0.17578125
2 0.56875 0.54921875 0.0296875 0.0890625
2 0.6578125 0.55 0.0359375 0.08671875
2 0.3578125 0.43359375 0.0203125 0.0625
2 0.5234375 0.6890625 0.03515625 0.115625
2 0.5296875 0.48125 0.0265625 0.078125
2 0.37734375 0.4625 0.0171875 0.07109375
2 0.4546875 0.53671875 0.0265625 0.09140625
2 0.54375 0.62421875 0.0296875 0.10234375
2 0.04609375 0.4078125 0.03984375 0.05078125
2 0.4890625 0.58125 0.03125 0.09140625
2 0.4015625 0.47109375 0.02265625 0.07109375
2 0.50546875 0.53359375 0.02109375 0.07578125
2 0.3375 0.3265625 0.0125 0.03984375
2 0.54921875 0.25859375 0.0140625 0.02421875
2 0.071875 0.39765625 0.0359375 0.04921875
2 0.6140625 0.70234375 0.04609375 0.09296875
2 0.24609375 0.54453125 0.0375 0.04453125
2 0.34765625 0.3875 0.01484375 0.05078125
2 0.62109375 0.5953125 0.0296875 0.06640625
2 0.5203125 0.36875 0.0171875 0.0578125
2 0.721875 0.57421875 0.04375 0.08203125
2 0.45390625 0.42578125 0.01484375 0.06015625
2 0.59453125 0.6453125 0.03125 0.0953125
2 0.43046875 0.55234375 0.02890625 0.08203125
1 0.2921875 0.69921875 0.15625 0.28671875
1 0.790625 0.784375 0.23125 0.35546875
1 0.9015625 0.746875 0.1953125 0.35078125
1 0.64609375 0.4578125 0.10234375 0.1421875