2 0.515625 0.75703125 0.04609375 0.14921875
2 0.75390625 0.86640625 0.0796875 0.18671875
2 0.328125 0.61875 0.0359375 0.1046875
2 0.39921875 0.56015625 0.03125 0.09765625
2 0.5515625 0.60546875 0.0375 0.1046875
2 0.459375 0.7046875 0.04609375 0.12421875
2 0.17578125 0.32890625 0.01640625 0.04921875
2 0.6265625 0.7046875 0.03984375 0.12421875
2 0.42265625 0.48125 0.02265625 0.078125
2 0.8828125 0.9125 0.0890625 0.17109375
2 0.446875 0.50859375 0.0265625 0.084375
2 0.58671875 0.878125 0.05625 0.18671875
2 0.3421875 0.33125 0.0125 0.053125
2 0.66875 0.96796875 0.075 0.06015625
2 0.5828125 0.5640625 0.0328125 0.10703125
2 0.3703125 0.4625 0.02265625 0.07578125
2 0.54765625 0.46796875 0.025 0.078125
2 0.56015625 0.97421875 0.05234375 0.046875
2 0.4328125 0.35234375 0.01875 0.05078125
2 0.41171875 0.34765625 0.0140625 0.0421875
2 0.3875 0.66796875 0.0296875 0.06015625
2 0.5078125 0.5375 0.03125 0.09296875
2 0.32265625 0.38359375 0.0203125 0.0640625
2 0.50234375 0.63359375 0.03984375 0.09765625
2 0.5828125 0.7296875 0.0515625 0.13984375
2 0.6453125 0.6390625 0.0265625 0.11328125
2 0.1 0.4140625 0.03515625 0.0734375
2 0.384375 0.36796875 0.0140625 0.05546875
2 0.7078125 0.7140625 0.05859375 0.17109375
2 0.478125 0.5703125 0.03125 0.08203125
2 0.32421875 0.3359375 0.01640625 0.04453125
2 0.5796875 0.76640625 0.05 0.1203125
2 0.4828125 0.4765625 0.025 0.06875
2 0.10625 0.42109375 0.02265625 0.05546875
2 0.39296875 0.49296875 0.0265625 0.06640625
2 0.4 0.43671875 0.0203125 0.0640625
3 0.68828125 0.52109375 0.0984375 0.17109375
1 0.92421875 0.846875 0.1484375 0.30234375
1 0.3703125 0.81875 0.19765625 0.30859375