0 0.1953125 0.253125 0.0703125 0.0796875
2 0.190625 0.71640625 0.04140625 0.1265625
2 0.36328125 0.80546875 0.05859375 0.16640625
2 0.50546875 0.68359375 0.04609375 0.13125
2 0.3015625 0.6578125 0.0375 0.1203125
2 0.73515625 0.96015625 0.0953125 0.07578125
2 0.63359375 0.796875 0.0671875 0.1625
2 0.6859375 0.69921875 0.05390625 0.13984375
2 0.3921875 0.4421875 0.0265625 0.07109375
2 0.64453125 0.49921875 0.02890625 0.078125
2 0.6921875 0.51875 0.0359375 0.08671875
2 0.440625 0.5203125 0.02890625 0.084375
2 0.3109375 0.4890625 0.0421875 0.06640625
2 0.61875 0.65859375 0.04765625 0.1046875
2 0.24453125 0.55703125 0.02890625 0.08671875
2 0.796875 0.653125 0.05625 0.10703125
2 0.5046875 0.3875 0.0171875 0.05546875
2 0.3734375 0.3359375 0.0125 0.04453125
2 0.1765625 0.3765625 0.0140625 0.0421875
2 0.4703125 0.3796875 0.0171875 0.0578125
2 0.20078125 0.41328125 0.01640625 0.053125
2 0.4203125 0.4046875 0.01875 0.07578125
2 0.21640625 0.4765625 0.0203125 0.0640625
2 0.32734375 0.2765625 0.01484375 0.03359375
2 0.3515625 0.31015625 0.01640625 0.05546875
2 0.1609375 0.33125 0.0140625 0.04453125
2 0.61484375 0.39453125 0.0171875 0.05078125
2 0.45390625 0.24765625 0.0078125 0.03359375
2 0.3984375 0.3625 0.0140625 0.04453125
2 0.4484375 0.4578125 0.0203125 0.053125
2 0.325 0.3390625 0.01484375 0.0421875
2 0.4390625 0.3890625 0.0171875 0.053125
2 0.2296875 0.5125 0.01875 0.0640625
2 0.23125 0.48359375 0.02265625 0.08203125
3 0.57734375 0.478125 0.12265625 0.21796875
1 0.8734375 0.85078125 0.25 0.29296875