2 0.2265625 0.39140625 0.01640625 0.04921875
2 0.4515625 0.284375 0.025 0.03125
2 0.17734375 0.37890625 0.0203125 0.0375
2 0.12421875 0.44453125 0.0265625 0.07578125
2 0.19765625 0.3 0.025 0.03125
2 0.3921875 0.28359375 0.02109375 0.02421875
2 0.35078125 0.2875 0.0265625 0.02890625
2 0.0765625 0.39921875 0.0265625 0.046875
2 0.41328125 0.2859375 0.0234375 0.02421875
2 0.0453125 0.40859375 0.04140625 0.053125
2 0.56328125 0.278125 0.0234375 0.0359375
2 0.4921875 0.27578125 0.0203125 0.0265625
2 0.1171875 0.303125 0.02265625 0.03359375
1 0.1875 0.45546875 0.0703125 0.13359375