2 0.26875 0.77890625 0.05234375 0.1578125
2 0.771875 0.9375 0.10390625 0.1203125
2 0.3109375 0.95703125 0.075 0.08203125
2 0.4390625 0.3703125 0.01484375 0.0640625
2 0.5015625 0.49765625 0.025 0.07578125
2 0.4234375 0.96875 0.06640625 0.0578125
2 0.584375 0.59921875 0.0390625 0.10859375
2 0.434375 0.81875 0.0609375 0.16640625
2 0.4015625 0.34921875 0.0171875 0.04921875
2 0.61171875 0.46875 0.0265625 0.06640625
2 0.6046875 0.9234375 0.07734375 0.14921875
2 0.04609375 0.40859375 0.0375 0.04921875
2 0.34453125 0.34921875 0.0140625 0.0578125
2 0.3609375 0.34453125 0.01484375 0.053125
2 0.41484375 0.2796875 0.01015625 0.03984375
2 0.48515625 0.25234375 0.01015625 0.02890625
2 0.071875 0.40078125 0.0359375 0.0375
2 0.58671875 0.5078125 0.02890625 0.078125
1 0.0328125 0.5375 0.065625 0.1375
1 0.8859375 0.7265625 0.225 0.253125
1 0.21484375 0.35 0.03984375 0.0640625