2 0.2328125 0.55 0.0296875 0.09140625
2 0.175 0.51640625 0.025 0.078125
2 0.31015625 0.68984375 0.04765625 0.13984375
2 0.18828125 0.4359375 0.0234375 0.06640625
2 0.165625 0.3234375 0.0140625 0.0375
2 0.44765625 0.278125 0.02265625 0.03984375
2 0.57578125 0.2734375 0.02109375 0.0359375
2 0.3859375 0.2859375 0.0234375 0.03359375
2 0.321875 0.3765625 0.01875 0.0421875
2 0.3171875 0.2890625 0.01640625 0.0359375
1 0.49765625 0.25546875 0.05234375 0.03125
1 0.21171875 0.3265625 0.04609375 0.07109375