0 0.1953125 0.25234375 0.0703125 0.078125
2 0.85 0.74453125 0.0703125 0.146875
2 0.5609375 0.87578125 0.05625 0.18671875
2 0.47578125 0.5796875 0.03359375 0.1109375
2 0.71328125 0.7890625 0.0640625 0.1640625
2 0.5921875 0.6625 0.0453125 0.12890625
2 0.2171875 0.51796875 0.02734375 0.0890625
2 0.5328125 0.653125 0.0375 0.1109375
2 0.6203125 0.528125 0.03125 0.08203125
2 0.4875 0.496875 0.02734375 0.08203125
2 0.046875 0.40703125 0.04140625 0.053125
2 0.38984375 0.36015625 0.0171875 0.04453125
2 0.41953125 0.4078125 0.01875 0.06015625
2 0.32421875 0.4375 0.0234375 0.053125
2 0.20625 0.4640625 0.02734375 0.07109375
2 0.35546875 0.3421875 0.0109375 0.04453125
2 0.40078125 0.4265625 0.01875 0.0625
1 0.28984375 0.734375 0.15234375 0.246875
1 0.61953125 0.43984375 0.09140625 0.12890625