2 0.1515625 0.64140625 0.03515625 0.11328125
2 0.4703125 0.94140625 0.0671875 0.11328125
2 0.41171875 0.715625 0.04375 0.13359375
2 0.5296875 0.8234375 0.0546875 0.16640625
2 0.48203125 0.6921875 0.04375 0.13125
2 0.6234375 0.878125 0.06484375 0.146875
2 0.45703125 0.56015625 0.03125 0.09296875
2 0.3078125 0.51015625 0.0515625 0.10859375
2 0.85234375 0.9640625 0.0953125 0.06640625
2 0.72890625 0.81796875 0.0703125 0.1734375
2 0.52734375 0.6546875 0.03984375 0.121875
2 0.8390625 0.85234375 0.09140625 0.1796875
2 0.57421875 0.5609375 0.0390625 0.1046875
2 0.73125 0.98203125 0.0921875 0.03125
2 0.4328125 0.503125 0.0265625 0.08671875
2 0.1890625 0.3734375 0.01875 0.021875
2 0.16328125 0.328125 0.01875 0.0375
2 0.04609375 0.4078125 0.03984375 0.05078125
2 0.3921875 0.52578125 0.0265625 0.08203125
2 0.64296875 0.5953125 0.02890625 0.10703125
2 0.496875 0.4546875 0.0234375 0.06015625
2 0.5171875 0.50859375 0.03515625 0.10703125
2 0.07109375 0.39921875 0.0375 0.046875
2 0.34140625 0.371875 0.0171875 0.05078125
2 0.6203125 0.7546875 0.0578125 0.1265625
2 0.4140625 0.46640625 0.0203125 0.06640625
2 0.409375 0.60546875 0.0390625 0.078125
2 0.4671875 0.4921875 0.0203125 0.06875
2 0.5609375 0.48359375 0.04140625 0.078125
2 0.378125 0.46640625 0.02109375 0.0578125
2 0.609375 0.534375 0.03359375 0.078125
1 0.18984375 0.446875 0.0671875 0.12890625
1 0.81640625 0.64140625 0.1625 0.19765625
1 0.23671875 0.64921875 0.1140625 0.1953125