2 0.25 0.9125 0.06015625 0.17109375
2 0.553125 0.74765625 0.07890625 0.1578125
2 0.4015625 0.26796875 0.00859375 0.02421875
2 0.04609375 0.40859375 0.03984375 0.053125
2 0.078125 0.39765625 0.0265625 0.04921875
2 0.359375 0.403125 0.01875 0.05078125
2 0.37890625 0.23125 0.0078125 0.021875
2 0.17734375 0.3390625 0.0125 0.0421875
1 0.92421875 0.81328125 0.1484375 0.35546875
1 0.5515625 0.45078125 0.08359375 0.115625
1 0.5296875 0.86796875 0.2765625 0.26015625
1 0.18984375 0.465625 0.07265625 0.1359375