0 0.19453125 0.25078125 0.06875 0.07578125
2 0.4875 0.6859375 0.0453125 0.13125
2 0.315625 0.8 0.0484375 0.1421875
2 0.6140625 0.784375 0.0546875 0.1421875
2 0.06484375 0.5203125 0.02265625 0.06640625
2 0.13046875 0.45703125 0.01875 0.06875
2 0.434375 0.5546875 0.03359375 0.1
2 0.28671875 0.49296875 0.05390625 0.07109375
2 0.55078125 0.63671875 0.0359375 0.10859375
2 0.3734375 0.3859375 0.01484375 0.05546875
2 0.6328125 0.48125 0.02734375 0.0734375
2 0.4125 0.471875 0.025 0.0734375
2 0.48359375 0.465625 0.0296875 0.078125
2 0.52109375 0.5625 0.0296875 0.0890625
2 0.6546875 0.6859375 0.0484375 0.121875
2 0.4421875 0.4375 0.02265625 0.06640625
2 0.32265625 0.3421875 0.0171875 0.0625
2 0.3875 0.35234375 0.01484375 0.046875
2 0.33203125 0.2890625 0.0140625 0.0359375
2 0.41171875 0.3578125 0.0140625 0.03984375
2 0.565625 0.56328125 0.02890625 0.08671875
2 0.90859375 0.9765625 0.05 0.0421875
2 0.359375 0.3359375 0.0140625 0.03984375
2 0.4703125 0.38671875 0.0171875 0.04921875
2 0.40859375 0.4109375 0.0203125 0.0578125
1 0.1953125 0.48671875 0.07109375 0.1203125
1 0.9078125 0.765625 0.1828125 0.278125
1 0.58359375 0.253125 0.0453125 0.03125
1 0.52265625 0.353125 0.05 0.06640625