0 0.58125 0.4921875 0.22734375 0.384375
2 0.8734375 0.9703125 0.0984375 0.05546875
2 0.38359375 0.615625 0.0328125 0.09765625
2 0.18359375 0.48125 0.02734375 0.08671875
2 0.2015625 0.81015625 0.0546875 0.1578125
2 0.3 0.56875 0.03984375 0.09765625
2 0.37890625 0.39140625 0.0171875 0.0578125
2 0.16328125 0.40234375 0.01875 0.053125
2 0.68125 0.91796875 0.0546875 0.16015625
2 0.3421875 0.69140625 0.04609375 0.1203125
2 0.04609375 0.40859375 0.03984375 0.053125
2 0.209375 0.6734375 0.0390625 0.115625
2 0.171875 0.334375 0.0140625 0.0421875
2 0.07265625 0.39765625 0.0328125 0.04921875
2 0.1828125 0.3265625 0.01640625 0.0359375
1 0.43359375 0.86875 0.225 0.2578125
1 0.39140625 0.23984375 0.0171875 0.0265625
1 0.70234375 0.51328125 0.075 0.146875