2 0.2453125 0.7359375 0.0421875 0.12421875
2 0.1703125 0.50859375 0.0265625 0.07578125
2 0.628125 0.94765625 0.1015625 0.1
2 0.41484375 0.33671875 0.01484375 0.05078125
2 0.228125 0.50703125 0.03125 0.084375
2 0.3671875 0.315625 0.0125 0.03984375
2 0.16640625 0.39453125 0.0171875 0.05078125
2 0.39140625 0.2921875 0.01484375 0.0421875
2 0.52421875 0.35703125 0.01640625 0.046875
2 0.3796875 0.3625 0.0171875 0.04453125
2 0.0453125 0.40859375 0.0390625 0.04921875
2 0.3296875 0.27890625 0.0140625 0.0421875
2 0.2125 0.346875 0.0171875 0.03984375
2 0.0703125 0.40234375 0.0390625 0.03984375
2 0.1859375 0.35703125 0.0140625 0.03359375
2 0.346875 0.2859375 0.0140625 0.0421875
1 0.0296875 0.5484375 0.059375 0.1375
1 0.2078125 0.40859375 0.05390625 0.084375
1 0.45625 0.2890625 0.0328125 0.04453125