2 0.2203125 0.84921875 0.0515625 0.16875
2 0.3046875 0.52109375 0.04765625 0.08671875
2 0.18671875 0.3703125 0.01640625 0.05078125
2 0.4546875 0.7234375 0.04375 0.14453125
2 0.6078125 0.796875 0.04765625 0.1578125
2 0.5078125 0.7109375 0.04609375 0.12421875
2 0.3734375 0.5078125 0.0265625 0.08203125
2 0.66640625 0.7125 0.0671875 0.1625
2 0.415625 0.534375 0.02890625 0.08671875
2 0.87421875 0.90234375 0.09375 0.19140625
2 0.2484375 0.34921875 0.01640625 0.03984375
2 0.5453125 0.91796875 0.07109375 0.16015625
2 0.6984375 0.90078125 0.0765625 0.19296875
2 0.3453125 0.3703125 0.0171875 0.05546875
2 0.58828125 0.4296875 0.0234375 0.046875
2 0.1859375 0.47890625 0.0296875 0.0640625
2 0.39140625 0.44765625 0.0171875 0.06015625
2 0.04609375 0.4078125 0.03984375 0.05078125
2 0.4328125 0.49140625 0.0234375 0.0796875
2 0.515625 0.58984375 0.0390625 0.0953125
2 0.77265625 0.87890625 0.0703125 0.1796875
2 0.071875 0.39765625 0.0359375 0.04921875
2 0.52578125 0.47890625 0.02109375 0.0734375
2 0.54140625 0.46015625 0.0203125 0.07109375
2 0.40859375 0.41015625 0.0171875 0.05546875
2 0.36640625 0.403125 0.01484375 0.06015625
2 0.4796875 0.4 0.0171875 0.053125
2 0.49921875 0.44921875 0.0265625 0.053125
2 0.46953125 0.47421875 0.02890625 0.078125
1 0.2296875 0.5796875 0.1109375 0.20859375
1 0.3375 0.90078125 0.18984375 0.19296875
1 0.61484375 0.54140625 0.12265625 0.184375