2 0.2171875 0.7890625 0.04375 0.146875
2 0.72890625 0.934375 0.0828125 0.1265625
2 0.15078125 0.56796875 0.02890625 0.09140625
2 0.4 0.58359375 0.0328125 0.1
2 0.7078125 0.65 0.05234375 0.121875
2 0.82109375 0.9109375 0.0796875 0.1734375
2 0.3671875 0.5265625 0.03125 0.0890625
2 0.5046875 0.57109375 0.03359375 0.10234375
2 0.3265625 0.8359375 0.0578125 0.16875
2 0.5875 0.66796875 0.04765625 0.1265625
2 0.5109375 0.4359375 0.02265625 0.06640625
2 0.2953125 0.521875 0.04609375 0.0796875
2 0.5390625 0.7 0.04609375 0.1109375
2 0.5859375 0.5125 0.0328125 0.08671875
2 0.54765625 0.54921875 0.0375 0.10234375
2 0.1796875 0.346875 0.0140625 0.03984375
2 0.69296875 0.78984375 0.06640625 0.14453125
2 0.5734375 0.85234375 0.0640625 0.17109375
2 0.4671875 0.50234375 0.0296875 0.084375
2 0.43828125 0.5546875 0.03125 0.0953125
2 0.36484375 0.403125 0.0203125 0.0640625
2 0.40234375 0.42109375 0.02265625 0.0640625
2 0.046875 0.4078125 0.0390625 0.05078125
2 0.4421875 0.45859375 0.02109375 0.06875
2 0.790625 0.765625 0.0765625 0.1265625
2 0.3390625 0.34453125 0.0140625 0.0578125
2 0.27890625 0.60546875 0.0421875 0.078125
2 0.53515625 0.95 0.0828125 0.0953125
2 0.29140625 0.7359375 0.05 0.1109375
2 0.41484375 0.3578125 0.01484375 0.04921875
2 0.07109375 0.396875 0.0375 0.05078125
2 0.4703125 0.43125 0.02109375 0.053125
2 0.35625 0.33359375 0.0125 0.04453125
2 0.8046875 0.8 0.04765625 0.19140625
2 0.4328125 0.35 0.0125 0.05078125
2 0.42109375 0.49921875 0.02265625 0.078125
2 0.375 0.3734375 0.0171875 0.053125
3 0.56796875 0.384375 0.08359375 0.1375
1 0.234375 0.34921875 0.0390625 0.0625