2 0.2203125 0.56875 0.02890625 0.09296875
2 0.1859375 0.46328125 0.0265625 0.0734375
2 0.4640625 0.2765625 0.0234375 0.0375
2 0.4296875 0.2734375 0.02265625 0.0359375
2 0.1890625 0.334375 0.01640625 0.0375
2 0.1796875 0.3765625 0.01875 0.05078125
2 0.51328125 0.2703125 0.02109375 0.03359375
2 0.14140625 0.3234375 0.0171875 0.03359375
2 0.38359375 0.2796875 0.03984375 0.03984375
2 0.21328125 0.321875 0.0140625 0.03125
2 0.2375 0.284375 0.0203125 0.03125
2 0.225 0.49921875 0.025 0.06015625
1 0.2234375 0.36796875 0.04609375 0.0734375