2 0.79453125 0.90078125 0.08125 0.1890625
2 0.26640625 0.91875 0.0625 0.1578125
2 0.35078125 0.9640625 0.0734375 0.06640625
2 0.7203125 0.76796875 0.05859375 0.153125
2 0.38359375 0.53671875 0.0328125 0.09140625
2 0.28203125 0.51875 0.04609375 0.078125
2 0.5171875 0.7359375 0.05234375 0.146875
2 0.1453125 0.53359375 0.02734375 0.084375
2 0.63828125 0.56640625 0.0390625 0.10234375
2 0.1890625 0.70859375 0.0390625 0.12421875
2 0.49140625 0.40703125 0.0171875 0.0578125
2 0.54375 0.5953125 0.03984375 0.1109375
2 0.5140625 0.4953125 0.0296875 0.0890625
2 0.4953125 0.61328125 0.0390625 0.09296875
2 0.5484375 0.46796875 0.025 0.06875
2 0.24375 0.5703125 0.0375 0.1
2 0.684375 0.64765625 0.05390625 0.11328125
2 0.64140625 0.8046875 0.0578125 0.1640625
2 0.284375 0.7546875 0.0515625 0.14921875
2 0.62890625 0.6796875 0.05 0.09765625
2 0.175 0.32890625 0.01484375 0.0578125
2 0.3921875 0.39765625 0.01875 0.0578125
2 0.95859375 0.9296875 0.0796875 0.1359375
2 0.35703125 0.46796875 0.02890625 0.10859375
2 0.046875 0.4078125 0.0390625 0.05078125
2 0.25859375 0.671875 0.03515625 0.1
2 0.3390625 0.33125 0.0125 0.053125
2 0.4546875 0.41328125 0.01875 0.0625
2 0.440625 0.465625 0.0234375 0.06875
2 0.47890625 0.5140625 0.0296875 0.08203125
2 0.48203125 0.88984375 0.0640625 0.16640625
2 0.41875 0.51015625 0.025 0.078125
2 0.0703125 0.396875 0.0390625 0.05078125
2 0.46484375 0.7953125 0.06484375 0.115625
2 0.50234375 0.3609375 0.01484375 0.046875
2 0.359375 0.38203125 0.01875 0.0625
2 0.42734375 0.3375 0.0125 0.04921875
2 0.40546875 0.46328125 0.02109375 0.06875
2 0.37265625 0.3546875 0.0171875 0.05078125
2 0.6125 0.91328125 0.0828125 0.16875
2 0.98984375 0.82421875 0.0171875 0.084375
3 0.5484375 0.36640625 0.0765625 0.12890625
1 0.2359375 0.34296875 0.0390625 0.06015625