2 0.1734375 0.44453125 0.01875 0.06640625
2 0.5171875 0.59921875 0.0359375 0.0953125
2 0.2828125 0.9140625 0.08984375 0.16640625
2 0.78046875 0.91015625 0.0734375 0.17578125
2 0.465625 0.7625 0.0609375 0.1421875
2 0.3921875 0.5609375 0.0328125 0.08671875
2 0.65703125 0.9203125 0.0484375 0.15546875
2 0.6109375 0.9421875 0.0703125 0.1109375
2 0.7734375 0.7546875 0.06875 0.13125
2 0.46484375 0.44296875 0.0203125 0.0734375
2 0.33828125 0.453125 0.01875 0.0625
2 0.47578125 0.59765625 0.03125 0.1109375
2 0.35859375 0.46640625 0.0203125 0.06640625
2 0.09453125 0.4640625 0.0265625 0.0625
2 0.44765625 0.6234375 0.03515625 0.08671875
2 0.165625 0.8296875 0.06640625 0.14453125
2 0.390625 0.3421875 0.0140625 0.03984375
2 0.06640625 0.4625 0.025 0.07109375
2 0.53984375 0.55859375 0.0296875 0.0953125
2 0.5953125 0.63984375 0.0421875 0.09765625
2 0.4125 0.64921875 0.0328125 0.0578125
2 0.3671875 0.35078125 0.01484375 0.03984375
2 0.653125 0.73984375 0.03359375 0.1421875
2 0.54609375 0.45078125 0.0203125 0.0578125
2 0.3671875 0.40859375 0.01484375 0.04921875
2 0.1609375 0.3921875 0.01484375 0.05078125
2 0.73671875 0.953125 0.08125 0.0890625
2 0.44609375 0.5046875 0.0171875 0.0578125
2 0.54453125 0.25546875 0.0109375 0.0265625
2 0.39921875 0.4953125 0.02890625 0.06640625
2 0.51015625 0.48984375 0.0296875 0.0640625
2 0.4296875 0.54921875 0.025 0.07109375
2 0.2265625 0.93984375 0.07265625 0.115625
1 0.8875 0.72890625 0.22265625 0.30703125
1 0.3921875 0.796875 0.2203125 0.37109375
1 0.20703125 0.38203125 0.05390625 0.09765625