0 0.51015625 0.3296875 0.0578125 0.1
2 0.14296875 0.56015625 0.02890625 0.0890625
2 0.3953125 0.62578125 0.03515625 0.11796875
2 0.4515625 0.73984375 0.04375 0.1421875
2 0.3609375 0.5578125 0.03359375 0.09765625
2 0.23515625 0.4875 0.02265625 0.06875
2 0.596875 0.96015625 0.08359375 0.07578125
2 0.58203125 0.58671875 0.0359375 0.09765625
2 0.3328125 0.72890625 0.0421875 0.13359375
2 0.52578125 0.74296875 0.0484375 0.14921875
2 0.23828125 0.71875 0.0484375 0.14921875
2 0.6609375 0.80234375 0.0640625 0.15078125
2 0.4359375 0.53125 0.0296875 0.0890625
2 0.4625 0.46015625 0.025 0.07578125
2 0.55703125 0.528125 0.02890625 0.08671875
2 0.18125 0.4875 0.025 0.078125
2 0.4765625 0.378125 0.0125 0.04921875
2 0.1953125 0.596875 0.0390625 0.10859375
2 0.6796875 0.4953125 0.03125 0.04921875
2 0.14609375 0.45703125 0.0203125 0.06015625
2 0.59765625 0.8140625 0.06015625 0.17109375
2 0.046875 0.4078125 0.0390625 0.05078125
2 0.3578125 0.4375 0.02109375 0.0625
2 0.3859375 0.415625 0.0171875 0.0578125
2 0.8203125 0.971875 0.0921875 0.05078125
2 0.475 0.6234375 0.03515625 0.11796875
2 0.49921875 0.54140625 0.02890625 0.08671875
2 0.1515625 0.3234375 0.01484375 0.03359375
2 0.3984375 0.37578125 0.01484375 0.04921875
2 0.07265625 0.39453125 0.0375 0.05546875
2 0.234375 0.66328125 0.04375 0.14921875
2 0.46953125 0.3125 0.0109375 0.03359375
2 0.52734375 0.4125 0.02265625 0.046875
2 0.34453125 0.39765625 0.01640625 0.04453125
2 0.9171875 0.965625 0.07734375 0.0640625
2 0.42265625 0.4703125 0.0203125 0.06015625
2 0.3140625 0.90078125 0.0625 0.19296875
2 0.428125 0.415625 0.01875 0.053125
2 0.5171875 0.51328125 0.0234375 0.0796875
2 0.52578125 0.46640625 0.01640625 0.07109375
2 0.45625 0.3890625 0.0203125 0.053125
2 0.2640625 0.97109375 0.0796875 0.053125
1 0.73046875 0.65234375 0.18359375 0.2734375