0 0.4703125 0.346875 0.08984375 0.16015625
0 0.3765625 0.221875 0.0265625 0.053125
2 0.3921875 0.921875 0.0546875 0.15078125
2 0.459375 0.73359375 0.0484375 0.15078125
2 0.2265625 0.496875 0.0234375 0.0734375
2 0.3828125 0.71015625 0.0390625 0.11796875
2 0.5734375 0.59453125 0.0359375 0.11328125
2 0.5359375 0.715625 0.0484375 0.146875
2 0.51953125 0.484375 0.0265625 0.07578125
2 0.20546875 0.434375 0.02109375 0.0640625
2 0.61171875 0.79453125 0.07109375 0.17109375
2 0.3546875 0.3890625 0.0171875 0.0578125
2 0.51015625 0.62890625 0.03984375 0.10703125
2 0.45 0.596875 0.0328125 0.08671875
2 0.43203125 0.48203125 0.0265625 0.07109375
2 0.4171875 0.3140625 0.0125 0.046875
2 0.05 0.50546875 0.0375 0.09140625
2 0.37578125 0.44296875 0.0234375 0.0640625
2 0.4640625 0.4703125 0.0265625 0.0640625
2 0.70625 0.753125 0.0671875 0.12890625
2 0.403125 0.45546875 0.01875 0.0625
2 0.4828125 0.52890625 0.03359375 0.0796875
2 0.359375 0.28671875 0.00859375 0.03125
2 0.615625 0.9375 0.05390625 0.1203125
2 0.48515625 0.25234375 0.01015625 0.02421875
2 0.3875 0.515625 0.0296875 0.0578125
2 0.37578125 0.26015625 0.0140625 0.0359375
2 0.40390625 0.3703125 0.01484375 0.046875
2 0.3421875 0.31015625 0.0140625 0.0375
2 0.3859375 0.5953125 0.04140625 0.09765625
2 0.7171875 0.9125 0.09375 0.17109375
2 0.9828125 0.8625 0.03125 0.16015625
2 0.3734375 0.33984375 0.0140625 0.04921875
2 0.740625 0.9125 0.04609375 0.17109375
2 0.39140625 0.40078125 0.0171875 0.05078125
2 0.38828125 0.33984375 0.0140625 0.03984375
2 0.35078125 0.3453125 0.0140625 0.0421875
1 0.7203125 0.65 0.15234375 0.20703125
1 0.6296875 0.44921875 0.0890625 0.12421875
1 0.525 0.3453125 0.02734375 0.0640625
1 0.53671875 0.24921875 0.0390625 0.0359375