2 0.3796875 0.95234375 0.05234375 0.09140625
2 0.4640625 0.45859375 0.02109375 0.078125
2 0.165625 0.3375 0.01640625 0.03984375
2 0.48671875 0.25 0.0109375 0.02890625
2 0.3390625 0.30234375 0.0125 0.0359375
2 0.9125 0.97109375 0.0296875 0.053125
2 0.396875 0.31015625 0.0140625 0.0375
2 0.42890625 0.3109375 0.0125 0.03984375
2 0.3671875 0.28984375 0.0109375 0.03359375
2 0.45234375 0.25 0.0078125 0.02421875
2 0.41015625 0.2875 0.01015625 0.03359375
2 0.53125 0.371875 0.0171875 0.05078125
2 0.3453125 0.25078125 0.00859375 0.0265625
2 0.38984375 0.2796875 0.0078125 0.0265625
1 0.6328125 0.58671875 0.1171875 0.178125
1 0.5984375 0.42421875 0.07265625 0.09296875
1 0.2015625 0.328125 0.04375 0.0640625
1 0.66875 0.5140625 0.10234375 0.1359375