0 0.21640625 0.2390625 0.075 0.05546875
2 0.4625 0.95234375 0.06484375 0.09140625
2 0.1609375 0.628125 0.02265625 0.08203125
2 0.69296875 0.69296875 0.05859375 0.12890625
2 0.5171875 0.728125 0.04765625 0.1265625
2 0.35390625 0.35 0.01484375 0.046875
2 0.6421875 0.48984375 0.03125 0.078125
2 0.53671875 0.43984375 0.0234375 0.06640625
2 0.4828125 0.40703125 0.0203125 0.0625
2 0.43515625 0.2921875 0.0125 0.03359375
2 0.3890625 0.3546875 0.01484375 0.0421875
2 0.45234375 0.33359375 0.0125 0.04453125
2 0.41796875 0.328125 0.01640625 0.05078125
2 0.5296875 0.25703125 0.0109375 0.02421875
2 0.12734375 0.38984375 0.02265625 0.046875
2 0.47265625 0.3125 0.0125 0.03359375
2 0.340625 0.303125 0.0109375 0.0375
2 0.4546875 0.24453125 0.00859375 0.021875
2 0.37109375 0.3 0.01015625 0.03125
2 0.46171875 0.328125 0.0109375 0.0375
2 0.00390625 0.553125 0.0078125 0.0625
1 0.8796875 0.8875 0.2375 0.2203125
1 0.75 0.5859375 0.16015625 0.2203125