2 0.54375 0.91328125 0.0578125 0.16875
2 0.63515625 0.77578125 0.0578125 0.15546875
2 0.4984375 0.5890625 0.0375 0.10234375
2 0.7390625 0.6953125 0.05625 0.12890625
2 0.43515625 0.5453125 0.0328125 0.09140625
2 0.2078125 0.45 0.02265625 0.06875
2 0.6671875 0.515625 0.03359375 0.0796875
2 0.559375 0.25859375 0.0140625 0.02890625
2 0.52109375 0.4140625 0.0203125 0.06015625
2 0.5375 0.3546875 0.01484375 0.05078125
2 0.36328125 0.35703125 0.0140625 0.046875
2 0.2265625 0.4359375 0.0203125 0.06640625
2 0.4640625 0.421875 0.02109375 0.06640625
2 0.6109375 0.61328125 0.04140625 0.1109375
2 0.33359375 0.35234375 0.01484375 0.046875
2 0.55546875 0.60234375 0.0390625 0.07578125
2 0.55390625 0.73203125 0.04765625 0.1359375
2 0.41015625 0.496875 0.02265625 0.078125
2 0.3859375 0.3359375 0.0140625 0.04453125
2 0.0453125 0.4078125 0.04140625 0.05078125
2 0.07265625 0.40078125 0.03515625 0.0421875
2 0.76953125 0.98359375 0.0765625 0.02890625
2 0.4921875 0.38203125 0.01484375 0.04921875
2 0.4875 0.2421875 0.0078125 0.0265625
2 0.4796875 0.39921875 0.01640625 0.05078125
2 0.41328125 0.4125 0.01875 0.05078125
2 0.6203125 0.5078125 0.02265625 0.08203125
2 0.58984375 0.52578125 0.0375 0.08203125
2 0.43125 0.4453125 0.0203125 0.06875
1 0.29921875 0.69453125 0.14140625 0.246875