2 0.6765625 0.8578125 0.06484375 0.16015625
2 0.7609375 0.7234375 0.0609375 0.13984375
2 0.6140625 0.6875 0.05390625 0.1359375
2 0.3796875 0.68203125 0.0453125 0.13359375
2 0.51171875 0.69453125 0.04375 0.1359375
2 0.44375 0.6796875 0.0421875 0.13359375
2 0.55078125 0.64921875 0.04609375 0.12421875
2 0.39296875 0.5546875 0.02890625 0.08671875
2 0.66640625 0.58671875 0.0375 0.10234375
2 0.7046875 0.746875 0.04140625 0.12890625
2 0.8984375 0.90703125 0.08984375 0.18203125
2 0.4796875 0.45859375 0.02265625 0.06875
2 0.12734375 0.39140625 0.025 0.04453125
2 0.5609375 0.48203125 0.025 0.07109375
2 0.3546875 0.4125 0.02109375 0.06015625
2 0.3859375 0.2765625 0.01015625 0.0375
2 0.3484375 0.3125 0.01015625 0.03359375
2 0.38203125 0.46640625 0.0265625 0.07109375
2 0.37265625 0.34140625 0.01484375 0.0421875
2 0.40390625 0.25234375 0.0078125 0.02890625
2 0.525 0.4359375 0.0203125 0.053125
2 0.375 0.2609375 0.0078125 0.02890625
2 0.4421875 0.55703125 0.0328125 0.0734375
2 0.4375 0.48125 0.02734375 0.06875
2 0.35078125 0.25859375 0.00859375 0.02890625
2 0.4515625 0.4109375 0.01640625 0.053125
2 0.3890625 0.3859375 0.0171875 0.05078125
2 0.53828125 0.4890625 0.02890625 0.04921875
2 0.00390625 0.553125 0.0078125 0.0625
2 0.534375 0.546875 0.03125 0.084375
2 0.4140625 0.384375 0.01640625 0.0578125
1 0.640625 0.4703125 0.09140625 0.11796875
1 0.4125 0.92421875 0.1953125 0.146875
1 0.46171875 0.33203125 0.04375 0.0734375
1 0.52734375 0.365625 0.05 0.0734375