2 0.6046875 0.534375 0.0359375 0.08671875
2 0.10546875 0.4578125 0.02109375 0.06640625
2 0.3859375 0.378125 0.0171875 0.053125
2 0.45234375 0.3578125 0.01484375 0.04921875
2 0.4171875 0.3640625 0.01484375 0.04453125
2 0.175 0.334375 0.0125 0.03359375
2 0.4046875 0.3453125 0.0125 0.0375
2 0.4390625 0.32578125 0.0125 0.0375
2 0.48359375 0.321875 0.0125 0.0359375
2 0.046875 0.40859375 0.0359375 0.04921875
2 0.071875 0.40234375 0.0359375 0.03984375
2 0.1609375 0.4359375 0.0171875 0.053125
2 0.1578125 0.41640625 0.01875 0.046875
1 0.2515625 0.63203125 0.11640625 0.1890625
1 0.19296875 0.4859375 0.08359375 0.153125