2 0.3015625 0.6546875 0.0375 0.10859375
2 0.5703125 0.81015625 0.0828125 0.16640625
2 0.053125 0.8046875 0.0609375 0.12421875
2 0.4890625 0.334375 0.01484375 0.046875
2 0.22890625 0.334375 0.0125 0.0375
2 0.37109375 0.3265625 0.01484375 0.04921875
2 0.41484375 0.33125 0.0125 0.0625
2 0.4703125 0.3109375 0.01015625 0.0359375
2 0.3875 0.3078125 0.0125 0.0375
2 0.1484375 0.3203125 0.0171875 0.03125
2 0.45 0.31640625 0.01484375 0.046875
2 0.43359375 0.31015625 0.0125 0.0421875
2 0.18046875 0.33671875 0.01640625 0.046875
2 0.31796875 0.29296875 0.00859375 0.0265625