2 0.4609375 0.8859375 0.0546875 0.16640625
2 0.38359375 0.8140625 0.0546875 0.17109375
2 0.6546875 0.8703125 0.0640625 0.184375
2 0.59375 0.921875 0.075 0.15078125
2 0.5375 0.76796875 0.05234375 0.1578125
2 0.47265625 0.6265625 0.03515625 0.10703125
2 0.3921875 0.56640625 0.0328125 0.09765625
2 0.69140625 0.61875 0.04765625 0.11796875
2 0.4296875 0.54921875 0.0328125 0.10234375
2 0.5765625 0.528125 0.03125 0.08671875
2 0.63125 0.6421875 0.0453125 0.1203125
2 0.89375 0.9140625 0.07265625 0.16640625
2 0.640625 0.51640625 0.03125 0.08203125
2 0.38203125 0.39765625 0.01875 0.0625
2 0.3484375 0.3921875 0.02109375 0.06015625
2 0.13359375 0.49140625 0.025 0.07109375
2 0.4703125 0.50546875 0.025 0.06875
2 0.40234375 0.45546875 0.02265625 0.07109375
2 0.5484375 0.4640625 0.0203125 0.06640625
2 0.43671875 0.4375 0.01875 0.0625
2 0.49375 0.4375 0.02265625 0.06640625
2 0.51796875 0.51015625 0.02890625 0.078125
2 0.55546875 0.40234375 0.01640625 0.0578125
2 0.1484375 0.37890625 0.0234375 0.046875
2 0.5109375 0.37421875 0.01640625 0.046875
2 0.83671875 0.94453125 0.09609375 0.10703125
2 0.5390625 0.61875 0.04140625 0.11328125
2 0.00390625 0.55234375 0.0078125 0.0640625
2 0.5390625 0.55859375 0.03984375 0.06015625
1 0.19921875 0.5 0.08125 0.16015625