2 0.33125 0.54140625 0.0296875 0.08671875
2 0.5265625 0.91015625 0.0609375 0.17578125
2 0.409375 0.88359375 0.05859375 0.17109375
2 0.709375 0.8296875 0.06640625 0.16640625
2 0.659375 0.95 0.07890625 0.0953125
2 0.44453125 0.79765625 0.04375 0.1421875
2 0.45859375 0.596875 0.0375 0.10859375
2 0.5359375 0.70546875 0.03984375 0.11796875
2 0.35078125 0.3234375 0.01640625 0.0421875
2 0.39375 0.57578125 0.02734375 0.0890625
2 0.5875 0.803125 0.0546875 0.1578125
2 0.47578125 0.48125 0.0234375 0.06875
2 0.61953125 0.75078125 0.0390625 0.13359375
2 0.496875 0.734375 0.0484375 0.1265625
2 0.4984375 0.58359375 0.03515625 0.1
2 0.43203125 0.65 0.0390625 0.078125
2 0.3734375 0.4125 0.01875 0.05546875
2 0.35 0.446875 0.025 0.06640625
2 0.41796875 0.303125 0.0109375 0.0375
2 0.51484375 0.52421875 0.02265625 0.07578125
2 0.5234375 0.45 0.0171875 0.05546875
2 0.56875 0.65546875 0.03515625 0.09765625
2 0.4453125 0.37578125 0.0171875 0.053125
2 0.39296875 0.453125 0.0234375 0.06640625
2 0.5609375 0.25703125 0.0140625 0.02890625
2 0.3625 0.3859375 0.0171875 0.05546875
2 0.43984375 0.49921875 0.025 0.06875
2 0.42890625 0.434375 0.02265625 0.06015625
2 0.41875 0.5375 0.02734375 0.07578125
1 0.95859375 0.815625 0.0796875 0.2
1 0.64453125 0.4796875 0.09375 0.1203125