0 0.4234375 0.2953125 0.07265625 0.1375
2 0.4984375 0.55 0.02890625 0.08671875
2 0.4984375 0.73125 0.05859375 0.146875
2 0.3515625 0.3265625 0.0140625 0.053125
2 0.18359375 0.421875 0.0203125 0.0625
2 0.65546875 0.88359375 0.07109375 0.1890625
2 0.38046875 0.515625 0.0265625 0.084375
2 0.41953125 0.5234375 0.0265625 0.0953125
2 0.42890625 0.43125 0.0203125 0.06640625
2 0.3734375 0.3609375 0.01484375 0.05078125
2 0.40703125 0.39140625 0.01875 0.053125
2 0.37734375 0.43359375 0.025 0.053125
2 0.11328125 0.41875 0.01875 0.05546875
2 0.16953125 0.33203125 0.0109375 0.05078125
2 0.4109375 0.465625 0.0265625 0.06875
2 0.94609375 0.7890625 0.075 0.084375
1 0.23359375 0.56875 0.1078125 0.16015625
1 0.89296875 0.87578125 0.2109375 0.24453125
1 0.378125 0.83671875 0.2015625 0.321875
1 0.5671875 0.3921875 0.0796875 0.11796875