0 0.1953125 0.253125 0.07265625 0.07578125
2 0.1734375 0.6859375 0.03515625 0.11796875
2 0.79921875 0.71875 0.0640625 0.13125
2 0.2015625 0.4921875 0.05625 0.0734375
2 0.484375 0.646875 0.04140625 0.115625
2 0.41484375 0.58359375 0.0296875 0.1046875
2 0.05703125 0.57890625 0.0359375 0.08671875
2 0.5703125 0.9125 0.0671875 0.17109375
2 0.5328125 0.50078125 0.03125 0.08671875
2 0.56640625 0.4859375 0.02734375 0.08671875
2 0.3734375 0.46875 0.025 0.0796875
2 0.46640625 0.49140625 0.025 0.0796875
2 0.63125 0.6453125 0.0421875 0.121875
2 0.571875 0.628125 0.0484375 0.1
2 0.61484375 0.771875 0.03515625 0.14453125
2 0.41328125 0.384375 0.01875 0.0625
2 0.48828125 0.4703125 0.0234375 0.0734375
2 0.43984375 0.278125 0.01015625 0.0359375
2 0.4375 0.5203125 0.025 0.0796875
2 0.428125 0.3265625 0.0140625 0.04453125
2 0.5 0.26640625 0.01484375 0.03125
2 0.3890625 0.39453125 0.01875 0.06015625
2 0.4328125 0.4296875 0.02109375 0.05078125
2 0.32265625 0.34296875 0.0171875 0.06015625
2 0.35625 0.30546875 0.01484375 0.0421875
2 0.4421875 0.3875 0.0171875 0.05078125
2 0.3328125 0.2953125 0.01484375 0.0359375
2 0.8265625 0.94140625 0.09765625 0.11328125
2 0.59609375 0.70859375 0.03984375 0.1640625
2 0.37109375 0.41640625 0.0171875 0.046875
1 0.31875 0.78203125 0.1578125 0.27578125
1 0.6640625 0.49453125 0.10234375 0.1265625
1 0.9109375 0.871875 0.175 0.25078125