2 0.5421875 0.56640625 0.0390625 0.10703125
2 0.8921875 0.7234375 0.075 0.1359375
2 0.4125 0.43984375 0.0203125 0.0625
2 0.45 0.4203125 0.0203125 0.053125
2 0.4765625 0.51875 0.02734375 0.09140625
2 0.4828125 0.415625 0.0203125 0.06640625
2 0.38203125 0.40234375 0.02109375 0.0625
2 0.12578125 0.534375 0.0265625 0.0734375
2 0.44296875 0.35234375 0.0140625 0.0421875
2 0.5015625 0.36796875 0.01640625 0.0421875
2 0.39921875 0.3546875 0.0140625 0.046875
2 0.4125 0.30078125 0.01015625 0.02890625
2 0.3890625 0.3046875 0.0109375 0.0359375
2 0.36796875 0.28984375 0.00859375 0.02890625
2 0.40859375 0.2453125 0.0078125 0.0203125
2 0.13359375 0.32421875 0.0171875 0.03125
2 0.43984375 0.24453125 0.0078125 0.021875
1 0.18046875 0.43671875 0.06640625 0.1265625