0 0.76796875 0.82421875 0.4609375 0.346875
2 0.36953125 0.5046875 0.0234375 0.0796875
2 0.43984375 0.94765625 0.06015625 0.1
2 0.44609375 0.484375 0.02734375 0.0796875
2 0.52578125 0.38125 0.01640625 0.046875
2 0.79765625 0.62578125 0.0546875 0.1
2 0.33125 0.5890625 0.02734375 0.09296875
2 0.3921875 0.4578125 0.0234375 0.07109375
2 0.4359375 0.29140625 0.0109375 0.0359375
2 0.4015625 0.30859375 0.01015625 0.0359375
2 0.38046875 0.2625 0.00859375 0.0265625
2 0.39375 0.25703125 0.0125 0.02890625
2 0.48046875 0.25234375 0.0109375 0.02421875
2 0.440625 0.40859375 0.01875 0.04453125
2 0.45859375 0.434375 0.0171875 0.06015625
2 0.41640625 0.234375 0.0078125 0.02421875
2 0.3546875 0.25078125 0.0078125 0.0265625
2 0.34296875 0.2625 0.00859375 0.03125
1 0.6046875 0.4421875 0.0875 0.13359375