2 0.44453125 0.8890625 0.06875 0.19140625
2 0.2328125 0.53359375 0.02734375 0.0796875
2 0.5234375 0.68359375 0.0453125 0.1359375
2 0.2703125 0.96640625 0.0609375 0.0625
2 0.3171875 0.7203125 0.04140625 0.13359375
2 0.61875 0.91796875 0.0578125 0.16015625
2 0.4640625 0.4078125 0.0171875 0.06015625
2 0.3640625 0.37109375 0.0203125 0.053125
2 0.47578125 0.5734375 0.03359375 0.10234375
2 0.6453125 0.79453125 0.0515625 0.153125
2 0.56796875 0.60703125 0.03125 0.09765625
2 0.41484375 0.33203125 0.01484375 0.0421875
2 0.6640625 0.621875 0.04375 0.115625
2 0.38984375 0.32890625 0.01484375 0.04453125
2 0.44140625 0.4921875 0.0296875 0.08203125
2 0.43125 0.37109375 0.0171875 0.053125
2 0.54453125 0.24921875 0.02109375 0.03125
2 0.41328125 0.27578125 0.0234375 0.0265625
2 0.384375 0.40703125 0.02109375 0.053125
2 0.47265625 0.2796875 0.025 0.0359375
2 0.41796875 0.40703125 0.01875 0.0578125
2 0.1265625 0.38984375 0.02265625 0.046875
2 0.5015625 0.5359375 0.02890625 0.09765625
2 0.51640625 0.50078125 0.0203125 0.08203125
2 0.0921875 0.4453125 0.02109375 0.06875
2 0.1484375 0.3546875 0.01484375 0.0421875
2 0.32578125 0.28671875 0.03359375 0.03984375
2 0.3875 0.4890625 0.025 0.0796875
2 0.3671875 0.3265625 0.0125 0.0359375
2 0.68359375 0.2859375 0.02734375 0.03359375
2 0.36875 0.28359375 0.03515625 0.02890625
2 0.0046875 0.5546875 0.00859375 0.06875
2 0.57890625 0.5375 0.02265625 0.06640625
1 0.6171875 0.45078125 0.0953125 0.1375