2 0.26328125 0.7703125 0.04375 0.13984375
2 0.37890625 0.6078125 0.0375 0.10859375
2 0.66875 0.9109375 0.075 0.1734375
2 0.5828125 0.946875 0.0734375 0.10234375
2 0.596875 0.67109375 0.04375 0.13359375
2 0.1921875 0.415625 0.0203125 0.0578125
2 0.50859375 0.66015625 0.0421875 0.12890625
2 0.46015625 0.5703125 0.0421875 0.11796875
2 0.4078125 0.49765625 0.025 0.084375
2 0.3796875 0.4375 0.0203125 0.06640625
2 0.1859375 0.33359375 0.01484375 0.0359375
2 0.55546875 0.61015625 0.0359375 0.1
2 0.5171875 0.4109375 0.01875 0.0578125
2 0.9546875 0.92421875 0.0875 0.146875
2 0.46796875 0.45078125 0.02109375 0.06640625
2 0.4984375 0.35 0.01484375 0.046875
2 0.36171875 0.365625 0.01640625 0.046875
2 0.384375 0.3578125 0.0140625 0.04453125
2 0.54765625 0.25546875 0.0125 0.021875
2 0.5046875 0.46875 0.01640625 0.0625
2 0.4953125 0.5140625 0.02265625 0.0734375
2 0.1234375 0.31640625 0.01875 0.0375
2 0.4828125 0.271875 0.00859375 0.02421875
2 0.396875 0.33203125 0.0109375 0.0375
2 0.41875 0.42890625 0.0203125 0.06640625
2 0.4765625 0.40546875 0.01484375 0.046875
2 0.34765625 0.33203125 0.0125 0.0421875
3 0.59453125 0.4734375 0.11640625 0.18671875