2 0.2421875 0.83984375 0.05390625 0.178125
2 0.7546875 0.6375 0.0484375 0.10703125
2 0.4609375 0.696875 0.04375 0.13125
2 0.5578125 0.40859375 0.0203125 0.0625
2 0.9875 0.8078125 0.02265625 0.11328125
2 0.54296875 0.71328125 0.04375 0.12890625
2 0.3609375 0.39921875 0.0203125 0.06015625
2 0.63984375 0.84453125 0.06484375 0.18671875
2 0.71484375 0.9640625 0.08515625 0.06640625
2 0.44609375 0.38203125 0.0171875 0.04921875
2 0.4890625 0.546875 0.02734375 0.084375
2 0.38984375 0.396875 0.0203125 0.05546875
2 0.4640625 0.34921875 0.01484375 0.03984375
2 0.16328125 0.32890625 0.0140625 0.0359375
2 0.4890625 0.3265625 0.0125 0.03984375
2 0.55546875 0.6109375 0.03359375 0.10703125
2 0.67578125 0.71640625 0.05625 0.13984375
2 0.50625 0.46796875 0.025 0.06875
2 0.475 0.421875 0.0171875 0.053125
2 0.42578125 0.5140625 0.02890625 0.08671875
2 0.45234375 0.5609375 0.0421875 0.08671875
2 0.46484375 0.48203125 0.02734375 0.0796875
2 0.41796875 0.4296875 0.0234375 0.06015625
1 0.21328125 0.521875 0.08359375 0.13359375
1 0.62578125 0.46796875 0.0890625 0.11328125
1 0.1984375 0.37109375 0.04765625 0.07109375