2 0.203125 0.6609375 0.04375 0.121875
2 0.4546875 0.82109375 0.05234375 0.1625
2 0.4015625 0.55703125 0.03125 0.09140625
2 0.234375 0.5765625 0.03125 0.09140625
2 0.56953125 0.91875 0.06875 0.1578125
2 0.9453125 0.9734375 0.0546875 0.04921875
2 0.18828125 0.3421875 0.0140625 0.03984375
2 0.3234375 0.37421875 0.01875 0.046875
2 0.3453125 0.66328125 0.03125 0.11796875
2 0.203125 0.42421875 0.02109375 0.0625
2 0.515625 0.965625 0.07890625 0.0640625
2 0.09921875 0.41875 0.0390625 0.0640625
2 0.76328125 0.984375 0.09140625 0.0265625
2 0.08984375 0.41796875 0.0203125 0.0625
2 0.325 0.33984375 0.01484375 0.0359375
2 0.39765625 0.471875 0.025 0.0421875
1 0.7234375 0.721875 0.1765625 0.26640625