2 0.4140625 0.5625 0.0328125 0.09765625
2 0.45703125 0.5453125 0.03125 0.1
2 0.50546875 0.55703125 0.0359375 0.1
2 0.17578125 0.34453125 0.0140625 0.03984375
2 0.1703125 0.42421875 0.0234375 0.0625
2 0.41171875 0.28671875 0.0234375 0.0265625
2 0.471875 0.28125 0.0234375 0.03359375
2 0.4421875 0.2875 0.0265625 0.02890625
2 0.37578125 0.2875 0.0265625 0.03359375
2 0.00390625 0.55546875 0.0078125 0.06640625
3 0.21953125 0.34296875 0.0515625 0.10859375
1 0.6765625 0.6140625 0.1578125 0.23359375
1 0.51328125 0.43984375 0.07109375 0.10234375
1 0.92734375 0.84765625 0.1421875 0.28671875