2 0.53515625 0.903125 0.06484375 0.1796875
2 0.78828125 0.9359375 0.09375 0.12421875
2 0.3578125 0.61875 0.03359375 0.11328125
2 0.4515625 0.48125 0.02109375 0.078125
2 0.48828125 0.465625 0.0234375 0.078125
2 0.23828125 0.3640625 0.0140625 0.04921875
2 0.4 0.40234375 0.0203125 0.0578125
2 0.42734375 0.37109375 0.01484375 0.053125
2 0.04609375 0.4078125 0.03984375 0.05078125
2 0.1640625 0.3734375 0.01484375 0.03984375
2 0.46015625 0.41328125 0.0203125 0.0578125
2 0.503125 0.3421875 0.0140625 0.04453125
2 0.071875 0.3953125 0.0359375 0.053125
2 0.35625 0.5203125 0.02734375 0.053125
1 0.5453125 0.41015625 0.06484375 0.09140625
1 0.68046875 0.521875 0.12109375 0.1640625
1 0.0328125 0.5390625 0.065625 0.1375
1 0.19296875 0.41796875 0.05859375 0.09296875
1 0.390625 0.90703125 0.2109375 0.18203125