2 0.42265625 0.28125 0.0328125 0.0421875
2 0.1765625 0.3359375 0.01484375 0.04453125
2 0.32109375 0.28125 0.0203125 0.0421875
2 0.04609375 0.40703125 0.03984375 0.053125
2 0.35546875 0.2796875 0.01875 0.03125
2 0.1625 0.3234375 0.0171875 0.0421875
2 0.56015625 0.2796875 0.0203125 0.0265625
2 0.378125 0.28359375 0.0265625 0.0375
2 0.4703125 0.271875 0.02109375 0.03359375
2 0.16875 0.33125 0.0296875 0.0578125
2 0.2046875 0.29453125 0.02109375 0.0375
2 0.51953125 0.27890625 0.0234375 0.03359375
2 0.2296875 0.284375 0.0203125 0.03125
2 0.071875 0.39453125 0.0359375 0.05546875
1 0.190625 0.48203125 0.07109375 0.12421875