2 0.5671875 0.878125 0.0859375 0.18203125
2 0.20078125 0.38984375 0.01875 0.05078125
2 0.51953125 0.70234375 0.04140625 0.1203125
2 0.2203125 0.503125 0.0296875 0.08203125
2 0.31640625 0.66015625 0.0375 0.12421875
2 0.3890625 0.3125 0.0125 0.0375
2 0.340625 0.36640625 0.0140625 0.04453125
2 0.2140625 0.95234375 0.08984375 0.09140625
2 0.4578125 0.39453125 0.02109375 0.06015625
2 0.04609375 0.4078125 0.03984375 0.05078125
2 0.9734375 0.934375 0.05 0.1265625
2 0.64375 0.95859375 0.08515625 0.078125
2 0.82265625 0.98203125 0.025 0.03125
2 0.07109375 0.40078125 0.0375 0.0375
2 0.3640625 0.421875 0.01640625 0.0578125
2 0.12578125 0.3640625 0.0140625 0.053125
2 0.3953125 0.296875 0.0109375 0.02890625
1 0.0296875 0.55234375 0.05859375 0.13984375