2 0.37734375 0.54765625 0.02734375 0.09140625
2 0.334375 0.6296875 0.02890625 0.1
2 0.4671875 0.54921875 0.0328125 0.09765625
2 0.4078125 0.50234375 0.02734375 0.0796875
2 0.40703125 0.321875 0.0109375 0.03984375
2 0.45078125 0.3046875 0.0109375 0.03125
2 0.5015625 0.49296875 0.0265625 0.0796875
2 0.55625 0.41796875 0.0203125 0.053125
2 0.91328125 0.74140625 0.0765625 0.13125
2 0.3390625 0.27109375 0.01015625 0.0265625
2 0.50546875 0.25546875 0.0109375 0.021875
2 0.35625 0.25703125 0.0078125 0.02890625
2 0.3828125 0.26640625 0.01015625 0.03125
2 0.4265625 0.2390625 0.0078125 0.0203125
2 0.48828125 0.45234375 0.0109375 0.05078125
2 0.40078125 0.265625 0.00859375 0.02421875
1 0.64921875 0.49296875 0.10859375 0.1640625