2 0.28046875 0.91640625 0.08359375 0.1625
2 0.18125 0.4 0.0171875 0.053125
2 0.3046875 0.521875 0.04765625 0.084375
2 0.8640625 0.95703125 0.11015625 0.08203125
2 0.58203125 0.753125 0.05625 0.1421875
2 0.4625 0.678125 0.0375 0.115625
2 0.41015625 0.61015625 0.03515625 0.10859375
2 0.615625 0.91328125 0.06640625 0.16875
2 0.2203125 0.5265625 0.03515625 0.06640625
2 0.54296875 0.9234375 0.06875 0.14921875
2 0.35234375 0.4109375 0.0171875 0.0578125
2 0.51484375 0.5640625 0.0328125 0.09765625
2 0.4859375 0.60703125 0.03359375 0.10234375
2 0.2515625 0.371875 0.0171875 0.046875
2 0.44375 0.496875 0.025 0.08671875
2 0.04609375 0.4078125 0.03984375 0.05078125
2 0.5109375 0.45078125 0.02109375 0.0625
2 0.5421875 0.51015625 0.02734375 0.078125
2 0.071875 0.39765625 0.0359375 0.04921875
2 0.39609375 0.44140625 0.02265625 0.0640625
2 0.37265625 0.434375 0.01484375 0.078125
2 0.4140625 0.5125 0.0265625 0.05546875
2 0.60703125 0.4890625 0.02890625 0.0890625
2 0.55625 0.25859375 0.01484375 0.02421875
2 0.47734375 0.515625 0.0296875 0.0625
2 0.3390625 0.31875 0.0125 0.03359375
2 0.53359375 0.25859375 0.01015625 0.0203125
2 0.5828125 0.5640625 0.0234375 0.0890625
2 0.3453125 0.37109375 0.0171875 0.04453125
2 0.4890625 0.471875 0.01875 0.05078125
2 0.5921875 0.534375 0.0234375 0.08203125
2 0.56953125 0.6203125 0.0359375 0.0625
1 0.2703125 0.65859375 0.14140625 0.2640625
1 0.71640625 0.6765625 0.1828125 0.278125
1 0.6140625 0.4265625 0.0875 0.1203125
1 0.8328125 0.64921875 0.2 0.2796875