2 0.246875 0.6375 0.04140625 0.1203125
2 0.49296875 0.503125 0.02890625 0.08671875
2 0.6171875 0.7109375 0.05625 0.1421875
2 0.34921875 0.36875 0.01640625 0.04921875
2 0.6546875 0.60234375 0.0484375 0.10703125
2 0.41328125 0.4375 0.02109375 0.0625
2 0.38515625 0.4640625 0.02734375 0.07578125
2 0.5171875 0.3796875 0.0171875 0.04921875
2 0.9859375 0.94296875 0.025 0.10859375
2 0.19375 0.34921875 0.0171875 0.053125
2 0.56015625 0.2625 0.0171875 0.03125
2 0.44296875 0.45546875 0.02109375 0.06640625
2 0.7265625 0.96328125 0.08984375 0.06875
2 0.45703125 0.41875 0.01640625 0.06015625
2 0.39609375 0.378125 0.01484375 0.04921875
2 0.4703125 0.3921875 0.01640625 0.05078125
2 0.528125 0.3625 0.0109375 0.03984375
2 0.71328125 0.8578125 0.0765625 0.146875
2 0.4453125 0.35234375 0.01484375 0.046875
2 0.4828125 0.37421875 0.0140625 0.046875
2 0.41796875 0.36796875 0.0140625 0.046875
2 0.6828125 0.284375 0.0265625 0.0359375
2 0.078125 0.36796875 0.0359375 0.05546875
2 0.35234375 0.3109375 0.0125 0.0359375
2 0.3765625 0.384375 0.01875 0.053125
1 0.41328125 0.82890625 0.25859375 0.3375
1 0.5671875 0.41015625 0.06875 0.09140625