0 0.33203125 0.2109375 0.03125 0.03984375
2 0.41328125 0.95546875 0.0734375 0.084375
2 0.51015625 0.7578125 0.05234375 0.15078125
2 0.3671875 0.56328125 0.03359375 0.1046875
2 0.70625 0.74453125 0.0546875 0.1375
2 0.625 0.8203125 0.06484375 0.1734375
2 0.4125 0.62421875 0.0328125 0.10703125
2 0.48046875 0.61640625 0.0390625 0.121875
2 0.5296875 0.6 0.0390625 0.1109375
2 0.62578125 0.65078125 0.04609375 0.12421875
2 0.58359375 0.478125 0.02734375 0.0796875
2 0.1546875 0.42421875 0.0203125 0.0625
2 0.44765625 0.55234375 0.0328125 0.09140625
2 0.5484375 0.4953125 0.0296875 0.084375
2 0.37265625 0.3609375 0.0171875 0.05546875
2 0.39375 0.45078125 0.02265625 0.06640625
2 0.5203125 0.43671875 0.02265625 0.0640625
2 0.88515625 0.92578125 0.1 0.14453125
2 0.3421875 0.35703125 0.0171875 0.05546875
2 0.803125 0.93203125 0.08359375 0.13125
2 0.36796875 0.4625 0.0234375 0.0625
2 0.68515625 0.62421875 0.03984375 0.09765625
2 0.4875 0.47109375 0.0203125 0.07109375
2 0.565625 0.4234375 0.02109375 0.05078125
2 0.40703125 0.421875 0.01875 0.0578125
2 0.16015625 0.36796875 0.01484375 0.0375
2 0.44296875 0.43203125 0.01875 0.05546875
2 0.50078125 0.38359375 0.01640625 0.05078125
2 0.4734375 0.49765625 0.0265625 0.07109375
2 0.4296875 0.48125 0.02265625 0.06875
2 0.00390625 0.553125 0.0078125 0.06640625
1 0.82578125 0.628125 0.18125 0.2375
1 0.1890625 0.44296875 0.0609375 0.1265625