2 0.20703125 0.70546875 0.0390625 0.11328125
2 0.7625 0.84140625 0.07734375 0.1796875
2 0.4828125 0.72578125 0.04609375 0.1359375
2 0.3546875 0.44921875 0.02265625 0.0625
2 0.36796875 0.7625 0.0515625 0.15078125
2 0.6828125 0.6640625 0.04375 0.115625
2 0.44296875 0.53984375 0.03125 0.09765625
2 0.3140625 0.9703125 0.0671875 0.05546875
2 0.4703125 0.50078125 0.025 0.08203125
2 0.68203125 0.9390625 0.0859375 0.11796875
2 0.54609375 0.62890625 0.0421875 0.1203125
2 0.38828125 0.6296875 0.0390625 0.11796875
2 0.54921875 0.92890625 0.0640625 0.1375
2 0.18984375 0.36796875 0.0171875 0.05546875
2 0.97265625 0.9375 0.05234375 0.1203125
2 0.63828125 0.80859375 0.05859375 0.1640625
2 0.53359375 0.2609375 0.0171875 0.03359375
2 0.5234375 0.43984375 0.02109375 0.0625
2 0.90546875 0.928125 0.10390625 0.13984375
2 0.5921875 0.87578125 0.04765625 0.1640625
2 0.4234375 0.44453125 0.02109375 0.06640625
2 0.5953125 0.61796875 0.04140625 0.10234375
2 0.3953125 0.4875 0.025 0.08671875
2 0.4390625 0.39296875 0.0203125 0.0578125
2 0.55078125 0.52421875 0.03125 0.0890625
2 0.35546875 0.334375 0.0140625 0.0421875
2 0.475 0.3765625 0.0171875 0.06015625
2 0.57890625 0.44921875 0.025 0.0625
2 0.33046875 0.3375 0.0140625 0.03984375
2 0.61796875 0.56328125 0.0265625 0.1
2 0.1046875 0.41875 0.02890625 0.06015625
2 0.5171875 0.55546875 0.0375 0.084375
2 0.421875 0.34921875 0.0140625 0.03984375
2 0.8234375 0.95234375 0.11015625 0.09140625
2 0.6375 0.68359375 0.05 0.08671875
2 0.38671875 0.39140625 0.02109375 0.053125
2 0.39140625 0.41640625 0.02265625 0.05078125
2 0.50078125 0.4890625 0.0265625 0.07109375
2 0.41015625 0.4 0.0171875 0.053125
2 0.6046875 0.49453125 0.0375 0.0640625
1 0.19765625 0.50234375 0.0796875 0.12890625
1 0.75 0.5796875 0.13984375 0.16875