0 0.1953125 0.25234375 0.07265625 0.0734375
2 0.5890625 0.8796875 0.06875 0.18203125
2 0.22734375 0.9 0.04765625 0.16015625
2 0.69765625 0.66640625 0.05 0.12421875
2 0.38359375 0.60234375 0.03515625 0.09765625
2 0.45078125 0.7390625 0.04609375 0.14921875
2 0.16015625 0.4859375 0.0375 0.0640625
2 0.5671875 0.61875 0.03515625 0.1046875
2 0.625 0.6453125 0.04765625 0.13125
2 0.48046875 0.465625 0.0234375 0.06875
2 0.11171875 0.578125 0.0734375 0.0796875
2 0.4546875 0.5296875 0.0296875 0.09140625
2 0.5203125 0.59296875 0.0328125 0.10703125
2 0.3890625 0.37578125 0.01875 0.053125
2 0.56640625 0.27421875 0.0203125 0.02890625
2 0.5953125 0.56796875 0.03359375 0.08671875
2 0.44453125 0.35546875 0.01640625 0.053125
2 0.49921875 0.646875 0.0359375 0.1109375
2 0.41171875 0.4578125 0.0234375 0.06640625
2 0.3625 0.3234375 0.0171875 0.05078125
2 0.7328125 0.921875 0.08984375 0.15078125
2 0.4390625 0.44921875 0.0234375 0.07109375
2 0.8765625 0.9625 0.1140625 0.07109375
2 0.32265625 0.3421875 0.0171875 0.0578125
2 0.4265625 0.378125 0.0171875 0.04453125
2 0.3796875 0.321875 0.0125 0.04453125
2 0.4828125 0.253125 0.0109375 0.021875
2 0.41640625 0.3296875 0.0171875 0.046875
2 0.39140625 0.5109375 0.025 0.07578125
1 0.78984375 0.621875 0.1578125 0.18671875
1 0.4859375 0.37109375 0.0515625 0.0796875
1 0.5375 0.44453125 0.07265625 0.1109375
1 0.1484375 0.315625 0.0578125 0.04453125
1 0.3953125 0.934375 0.18125 0.1265625