2 0.39375 0.80078125 0.0453125 0.14453125
2 0.4859375 0.86875 0.05625 0.178125
2 0.265625 0.67890625 0.04375 0.1359375
2 0.30546875 0.52109375 0.04609375 0.08671875
2 0.81328125 0.76640625 0.08125 0.12421875
2 0.365625 0.4640625 0.02109375 0.06640625
2 0.58984375 0.81875 0.0625 0.153125
2 0.44921875 0.54765625 0.02890625 0.0953125
2 0.85234375 0.9625 0.1 0.07109375
2 0.42109375 0.66328125 0.0421875 0.1359375
2 0.4953125 0.54453125 0.0328125 0.09765625
2 0.6421875 0.7078125 0.04140625 0.13984375
2 0.52421875 0.684375 0.03359375 0.115625
2 0.34296875 0.3140625 0.0109375 0.0375
2 0.540625 0.6203125 0.0265625 0.10234375
2 0.40703125 0.565625 0.03125 0.08671875
2 0.6375 0.971875 0.025 0.05078125
2 0.38828125 0.5296875 0.0234375 0.06875
2 0.3859375 0.4109375 0.0171875 0.0578125
2 0.9421875 0.93984375 0.1125 0.115625
2 0.73515625 0.953125 0.0875 0.0890625
2 0.046875 0.4078125 0.0390625 0.05078125
2 0.3515625 0.40859375 0.01484375 0.053125
2 0.71015625 0.8390625 0.08515625 0.11796875
2 0.93515625 0.87421875 0.0921875 0.1046875
2 0.1671875 0.3203125 0.01875 0.04453125
2 0.4921875 0.7265625 0.03984375 0.09296875
2 0.71640625 0.74140625 0.0625 0.09140625
2 0.38046875 0.3578125 0.0140625 0.04453125
2 0.409375 0.46875 0.0234375 0.06640625
2 0.071875 0.4 0.0359375 0.03984375
2 0.61484375 0.75546875 0.03515625 0.13359375
2 0.39921875 0.3875 0.01640625 0.05078125
2 0.61640625 0.61640625 0.0421875 0.0734375
2 0.4953125 0.4390625 0.01875 0.0640625
2 0.44609375 0.45859375 0.02734375 0.06015625
2 0.48203125 0.4875 0.0234375 0.0640625