2 0.2796875 0.63203125 0.0421875 0.10859375
2 0.18125 0.49921875 0.02265625 0.0734375
2 0.215625 0.55 0.0265625 0.078125
2 0.34453125 0.5296875 0.03125 0.078125
2 0.15078125 0.321875 0.01875 0.03984375
2 0.3875 0.81328125 0.03984375 0.1375
2 0.19296875 0.434375 0.02109375 0.06015625
2 0.0453125 0.40703125 0.04140625 0.053125
2 0.36484375 0.2890625 0.0296875 0.03125
2 0.2328125 0.5140625 0.02109375 0.0734375
2 0.22265625 0.46015625 0.025 0.04453125
2 0.4109375 0.28359375 0.0234375 0.03359375
2 0.51953125 0.28125 0.03359375 0.03359375
2 0.2109375 0.2890625 0.02109375 0.03125