2 0.3296875 0.59921875 0.03359375 0.1046875
2 0.8171875 0.94296875 0.0921875 0.10859375
2 0.56484375 0.9703125 0.07265625 0.05546875
2 0.4484375 0.95 0.06640625 0.0953125
2 0.4828125 0.6546875 0.04375 0.1265625
2 0.3515625 0.48203125 0.02734375 0.07578125
2 0.58203125 0.78984375 0.0484375 0.14453125
2 0.40078125 0.48671875 0.03125 0.0796875
2 0.53984375 0.65078125 0.0453125 0.1203125
2 0.37890625 0.44140625 0.0203125 0.0640625
2 0.4671875 0.8796875 0.0515625 0.1640625
2 0.44609375 0.7125 0.0453125 0.10859375
2 0.496875 0.52578125 0.02890625 0.08203125
2 0.353125 0.33984375 0.01640625 0.04453125
2 0.4140625 0.6203125 0.03125 0.10234375
2 0.721875 0.978125 0.04140625 0.03984375
2 0.5546875 0.49296875 0.0203125 0.07109375
2 0.42734375 0.31640625 0.0125 0.03359375
2 0.62109375 0.746875 0.0421875 0.12421875
2 0.63671875 0.68671875 0.02890625 0.12890625
2 0.46875 0.36015625 0.01484375 0.04921875
2 0.4765625 0.47578125 0.0203125 0.06640625
2 0.53125 0.8125 0.0578125 0.1578125
2 0.4546875 0.54296875 0.02890625 0.08203125
2 0.41015625 0.42109375 0.0203125 0.05546875
2 0.48046875 0.421875 0.02109375 0.04453125
2 0.3578125 0.2625 0.0078125 0.021875
2 0.453125 0.396875 0.01640625 0.05078125
2 0.440625 0.46640625 0.0265625 0.07109375
2 0.54453125 0.55234375 0.03125 0.0734375
2 0.37421875 0.33359375 0.01640625 0.04453125
2 0.64296875 0.90859375 0.07109375 0.178125
2 0.375 0.40703125 0.02734375 0.0625
2 0.68515625 0.8734375 0.06015625 0.19140625
2 0.61796875 0.603125 0.04609375 0.0734375
1 0.6890625 0.5265625 0.11484375 0.1421875