2 0.528125 0.78203125 0.05390625 0.1640625
2 0.6734375 0.64140625 0.04609375 0.11328125
2 0.50234375 0.56015625 0.0296875 0.09296875
2 0.4375 0.41875 0.02265625 0.0640625
2 0.6328125 0.50078125 0.0265625 0.0734375
2 0.4078125 0.4859375 0.02734375 0.078125
2 0.48203125 0.33671875 0.0140625 0.0421875
2 0.45234375 0.3375 0.01484375 0.04453125
2 0.36953125 0.403125 0.01875 0.05546875
2 0.41171875 0.365625 0.01640625 0.05078125
2 0.15859375 0.415625 0.0171875 0.053125
2 0.475 0.45234375 0.025 0.0734375
2 0.54765625 0.4703125 0.02734375 0.078125
2 0.21953125 0.37109375 0.01640625 0.03984375
2 0.18359375 0.38203125 0.01484375 0.03984375
2 0.42890625 0.296875 0.0125 0.0375
2 0.9578125 0.96640625 0.08125 0.0625
2 0.20234375 0.4046875 0.0171875 0.04921875
2 0.12890625 0.38984375 0.02265625 0.046875
2 0.34765625 0.29140625 0.01015625 0.0359375
2 0.37578125 0.32421875 0.0109375 0.0359375
2 0.1 0.4359375 0.02265625 0.07109375
2 0.3390625 0.28203125 0.01015625 0.03125
2 0.00390625 0.55234375 0.0078125 0.0640625
1 0.2203125 0.5625 0.1203125 0.15546875