0 0.4234375 0.28671875 0.06640625 0.12421875
2 0.42265625 0.89140625 0.0578125 0.19140625
2 0.32890625 0.75078125 0.05234375 0.16015625
2 0.38671875 0.66640625 0.0359375 0.115625
2 0.73984375 0.78359375 0.0703125 0.1578125
2 0.23359375 0.57421875 0.0328125 0.09140625
2 0.55078125 0.9375 0.06875 0.1203125
2 0.6390625 0.7859375 0.05234375 0.14453125
2 0.44765625 0.603125 0.03515625 0.1046875
2 0.2453125 0.36015625 0.01640625 0.04453125
2 0.42734375 0.40078125 0.0203125 0.06015625
2 0.49140625 0.81328125 0.05234375 0.16015625
2 0.2015625 0.51015625 0.025 0.078125
2 0.37265625 0.46875 0.0203125 0.0625
2 0.5703125 0.778125 0.0546875 0.16015625
2 0.40078125 0.53984375 0.02890625 0.0890625
2 0.40078125 0.4125 0.0234375 0.0640625
2 0.5953125 0.62421875 0.03984375 0.115625
2 0.3515625 0.33359375 0.0125 0.03984375
2 0.1671875 0.44296875 0.0203125 0.078125
2 0.3859375 0.3375 0.0125 0.03984375
2 0.20078125 0.34296875 0.0140625 0.03359375
2 0.3671875 0.33984375 0.0171875 0.053125
2 0.52265625 0.515625 0.02734375 0.084375
2 0.04609375 0.40859375 0.03984375 0.053125
2 0.3578125 0.2734375 0.00859375 0.0265625
2 0.46953125 0.3703125 0.01875 0.05546875
2 0.5 0.6890625 0.03984375 0.09765625
2 0.28515625 0.97890625 0.07265625 0.0375
2 0.5546875 0.6296875 0.0453125 0.0953125
2 0.49140625 0.53984375 0.02734375 0.084375
2 0.50546875 0.4140625 0.01875 0.05546875
2 0.17109375 0.39296875 0.0171875 0.04921875
2 0.546875 0.4890625 0.0265625 0.0796875
2 0.2265625 0.47421875 0.0234375 0.06015625
2 0.58125 0.53984375 0.03515625 0.06640625
2 0.5046875 0.38125 0.0203125 0.0421875
2 0.17578125 0.3453125 0.01640625 0.046875
2 0.0765625 0.3953125 0.02734375 0.053125
2 0.46796875 0.48125 0.0234375 0.0734375
2 0.44453125 0.5140625 0.03125 0.05078125
2 0.4640625 0.4078125 0.02265625 0.06015625
1 0.5859375 0.40703125 0.0765625 0.1109375
1 0.2109375 0.39765625 0.0546875 0.0796875
1 0.46484375 0.2921875 0.02265625 0.05546875
1 0.8953125 0.7625 0.2078125 0.3640625