2 0.42734375 0.9265625 0.0625 0.1421875
2 0.465625 0.65703125 0.0390625 0.121875
2 0.24375 0.60234375 0.0328125 0.10234375
2 0.43515625 0.53671875 0.02734375 0.08671875
2 0.50625 0.47578125 0.02734375 0.0796875
2 0.571875 0.93359375 0.06640625 0.12890625
2 0.809375 0.95 0.0859375 0.0953125
2 0.4078125 0.50078125 0.02734375 0.08203125
2 0.22109375 0.534375 0.0296875 0.09140625
2 0.59765625 0.7890625 0.05234375 0.1421875
2 0.3671875 0.44921875 0.02265625 0.07109375
2 0.7203125 0.6640625 0.04765625 0.1203125
2 0.38828125 0.38671875 0.01640625 0.0625
2 0.67265625 0.92421875 0.0828125 0.146875
2 0.6546875 0.6859375 0.05234375 0.1359375
2 0.87265625 0.696875 0.0625 0.1265625
2 0.4421875 0.3859375 0.01875 0.05078125
2 0.8640625 0.8234375 0.07734375 0.121875
2 0.61875 0.60078125 0.03984375 0.0953125
2 0.53203125 0.25703125 0.0109375 0.02421875
2 0.50078125 0.39296875 0.02109375 0.04453125
2 0.3671875 0.3265625 0.0109375 0.04453125
2 0.6421875 0.5421875 0.03125 0.084375
2 0.47578125 0.5125 0.02890625 0.08671875
2 0.15546875 0.315625 0.01640625 0.0359375
2 0.42109375 0.40078125 0.0171875 0.046875
2 0.365625 0.39140625 0.01875 0.04921875
2 0.47578125 0.3953125 0.02109375 0.053125
2 0.90703125 0.934375 0.10390625 0.1265625
2 0.41875 0.4421875 0.0171875 0.04921875
1 0.19609375 0.3734375 0.05 0.0890625