0 0.1953125 0.2546875 0.0671875 0.078125
2 0.1578125 0.534375 0.0265625 0.08203125
2 0.23828125 0.6890625 0.0390625 0.12421875
2 0.2328125 0.53984375 0.0296875 0.09296875
2 0.21640625 0.3421875 0.0171875 0.0578125
2 0.33671875 0.27578125 0.0140625 0.04453125
2 0.18671875 0.35546875 0.0140625 0.04453125
2 0.4578125 0.296875 0.01015625 0.0421875
2 0.4703125 0.2765625 0.01015625 0.0375
2 0.49453125 0.2546875 0.0109375 0.02890625
2 0.42265625 0.2921875 0.01015625 0.0421875
2 0.19921875 0.46796875 0.01875 0.0640625
2 0.00703125 0.63203125 0.0140625 0.1
1 0.546875 0.253125 0.04140625 0.03125