0 0.5140625 0.23984375 0.1421875 0.0796875
2 0.2234375 0.47578125 0.02265625 0.07109375
2 0.5375 0.82109375 0.0828125 0.17578125
2 0.1953125 0.36796875 0.01640625 0.0421875
2 0.5109375 0.278125 0.03515625 0.03984375
2 0.57578125 0.965625 0.0890625 0.0640625
2 0.5609375 0.27421875 0.0328125 0.0375
2 0.4109375 0.2796875 0.02734375 0.03984375
2 0.47265625 0.2796875 0.02265625 0.0359375
2 0.19765625 0.453125 0.02265625 0.07109375
2 0.234375 0.284375 0.01640625 0.03125
2 0.6828125 0.28359375 0.02734375 0.0375
2 0.1796875 0.3421875 0.0140625 0.0359375
2 0.06640625 0.484375 0.0296875 0.07578125
2 0.215625 0.28671875 0.01640625 0.0265625
1 0.1953125 0.2625 0.04140625 0.03125