2 0.36484375 0.89140625 0.05234375 0.1953125
2 0.51484375 0.92109375 0.0671875 0.153125
2 0.59140625 0.9109375 0.06484375 0.1734375
2 0.4265625 0.65 0.0390625 0.121875
2 0.48671875 0.6 0.0359375 0.1109375
2 0.37109375 0.67578125 0.03515625 0.115625
2 0.4109375 0.48359375 0.0234375 0.08203125
2 0.46328125 0.48984375 0.02890625 0.08203125
2 0.36484375 0.35 0.0171875 0.046875
2 0.1859375 0.41640625 0.0234375 0.06015625
2 0.4453125 0.2765625 0.025 0.03359375
2 0.54453125 0.60703125 0.04140625 0.115625
2 0.340625 0.51015625 0.0234375 0.08203125
2 0.9015625 0.93984375 0.0953125 0.115625
2 0.6765625 0.86640625 0.07734375 0.18203125
2 0.63515625 0.7546875 0.05 0.1265625
2 0.6625 0.62109375 0.0421875 0.11796875
2 0.8453125 0.9625 0.0578125 0.07109375
2 0.5390625 0.73671875 0.0296875 0.1265625
2 0.32265625 0.378125 0.0171875 0.04921875
2 0.7640625 0.84921875 0.07734375 0.16875
2 0.09921875 0.41875 0.0359375 0.0640625
2 0.17265625 0.32578125 0.01484375 0.0375
2 0.38984375 0.44296875 0.0203125 0.0640625
2 0.3859375 0.57578125 0.03125 0.0796875
2 0.3515625 0.2390625 0.00859375 0.02890625
2 0.5625 0.2765625 0.02265625 0.05078125
2 0.6265625 0.64765625 0.0453125 0.078125
2 0.34453125 0.428125 0.0140625 0.046875
2 0.5109375 0.7765625 0.05625 0.1359375
2 0.6828125 0.284375 0.0265625 0.0359375
2 0.52578125 0.5359375 0.03125 0.07109375
2 0.5296875 0.465625 0.02734375 0.06875
2 0.10625 0.4234375 0.02265625 0.05078125
2 0.39609375 0.396875 0.0171875 0.0421875
2 0.3734375 0.52578125 0.0265625 0.0734375
2 0.325 0.34140625 0.01484375 0.0375
2 0.8046875 0.90703125 0.0609375 0.18203125
1 0.4953125 0.39765625 0.06015625 0.0890625