2 0.334375 0.94296875 0.06875 0.10859375
2 0.52265625 0.8859375 0.06484375 0.1890625
2 0.45546875 0.69140625 0.04609375 0.1421875
2 0.78671875 0.91796875 0.0859375 0.16015625
2 0.4140625 0.57578125 0.02890625 0.09296875
2 0.6734375 0.90078125 0.06875 0.1796875
2 0.5109375 0.40703125 0.02265625 0.0625
2 0.59921875 0.6078125 0.0390625 0.1
2 0.646875 0.58125 0.0359375 0.0953125
2 0.546875 0.471875 0.0234375 0.0640625
2 0.37265625 0.38203125 0.0171875 0.07109375
2 0.434375 0.50703125 0.0265625 0.0890625
2 0.5109375 0.6734375 0.04375 0.1109375
2 0.5171875 0.5265625 0.02890625 0.0890625
2 0.4046875 0.403125 0.01875 0.06015625
2 0.19609375 0.34140625 0.01484375 0.0421875
2 0.6453125 0.75078125 0.05625 0.1109375
2 0.178125 0.33671875 0.0140625 0.0421875
2 0.3484375 0.3265625 0.01640625 0.04453125
2 0.4875 0.55703125 0.0296875 0.09140625
2 0.43984375 0.39296875 0.01484375 0.053125
2 0.6296875 0.9546875 0.07265625 0.08671875
2 0.47890625 0.4125 0.0203125 0.05078125
2 0.57265625 0.54453125 0.02734375 0.07578125
1 0.19296875 0.478125 0.0765625 0.146875
1 0.56171875 0.3953125 0.0609375 0.084375
1 0.67109375 0.5 0.1171875 0.1640625