0 0.2140625 0.24296875 0.06640625 0.05546875
2 0.21640625 0.6796875 0.03984375 0.13359375
2 0.61328125 0.4859375 0.03359375 0.078125
2 0.17734375 0.446875 0.02265625 0.06640625
2 0.54296875 0.3765625 0.01640625 0.046875
2 0.41015625 0.45078125 0.02265625 0.07109375
2 0.4828125 0.3890625 0.01875 0.0578125
2 0.22265625 0.35 0.01484375 0.046875
2 0.38984375 0.39921875 0.0203125 0.05546875
2 0.49921875 0.34296875 0.0140625 0.0375
2 0.375 0.33125 0.01484375 0.053125
2 0.47421875 0.30859375 0.0140625 0.0359375
2 0.44296875 0.37578125 0.01875 0.0578125
2 0.3453125 0.2890625 0.0109375 0.03125
2 0.428125 0.3078125 0.0109375 0.03359375
2 0.5703125 0.25859375 0.01640625 0.03359375
2 0.4734375 0.2703125 0.00859375 0.02890625
2 0.40234375 0.35546875 0.01484375 0.04453125
2 0.3265625 0.27578125 0.01015625 0.0265625
2 0.440625 0.29140625 0.0109375 0.03125
1 0.3828125 0.80859375 0.2078125 0.378125