2 0.3453125 0.76796875 0.04609375 0.14921875
2 0.5546875 0.9265625 0.07890625 0.1421875
2 0.378125 0.603125 0.02890625 0.10859375
2 0.42265625 0.73984375 0.03515625 0.1375
2 0.25703125 0.6078125 0.03359375 0.10859375
2 0.48984375 0.8078125 0.0546875 0.153125
2 0.3046875 0.52421875 0.0453125 0.0796875
2 0.7203125 0.90078125 0.0796875 0.19296875
2 0.54921875 0.721875 0.05390625 0.146875
2 0.65390625 0.52421875 0.0375 0.0359375
2 0.36171875 0.49140625 0.0234375 0.0796875
2 0.20390625 0.353125 0.01484375 0.04921875
2 0.3515625 0.37578125 0.01875 0.0625
2 0.4 0.53203125 0.02734375 0.08203125
2 0.50703125 0.65 0.0390625 0.11796875
2 0.2359375 0.49140625 0.0265625 0.07109375
2 0.6484375 0.75078125 0.05859375 0.1375
2 0.0453125 0.4078125 0.0390625 0.05078125
2 0.6546875 0.92421875 0.07890625 0.146875
2 0.4265625 0.5859375 0.02890625 0.1
2 0.3890625 0.43203125 0.02265625 0.0640625
2 0.58828125 0.515625 0.0234375 0.07578125
2 0.46328125 0.44140625 0.02109375 0.06875
2 0.56796875 0.5546875 0.0234375 0.08671875
2 0.484375 0.56796875 0.03125 0.078125
2 0.071875 0.4 0.0359375 0.03984375
2 0.44765625 0.54296875 0.02265625 0.08203125
2 0.49765625 0.50078125 0.02265625 0.06875
2 0.54140625 0.6046875 0.0375 0.07578125
2 0.33671875 0.29453125 0.0109375 0.046875
2 0.5015625 0.41640625 0.01875 0.06015625
2 0.4171875 0.415625 0.0203125 0.053125
2 0.45 0.40234375 0.0171875 0.053125
1 0.78671875 0.6265625 0.1734375 0.2046875
1 0.6609375 0.63125 0.14375 0.18203125
1 0.415625 0.915625 0.2015625 0.1640625