2 0.24609375 0.56640625 0.0296875 0.0890625
2 0.2203125 0.47109375 0.0234375 0.06640625
2 0.16171875 0.478125 0.0265625 0.07109375
2 0.19296875 0.528125 0.02890625 0.08671875
2 0.47734375 0.278125 0.02265625 0.0265625
2 0.5546875 0.271875 0.02265625 0.02890625
2 0.046875 0.4078125 0.0390625 0.05078125
2 0.3421875 0.28671875 0.025 0.03125
2 0.07265625 0.4 0.03515625 0.03984375
2 0.48984375 0.2578125 0.01484375 0.021875
2 0.40703125 0.2765625 0.02109375 0.02890625
1 0.06328125 0.75859375 0.1265625 0.2421875
1 0.2125 0.32890625 0.0421875 0.07109375