0 0.37578125 0.22109375 0.02109375 0.046875
2 0.83515625 0.803125 0.07734375 0.17578125
2 0.54453125 0.49140625 0.02890625 0.084375
2 0.18046875 0.33359375 0.01640625 0.0359375
2 0.5703125 0.4421875 0.02109375 0.06640625
2 0.40234375 0.3953125 0.0171875 0.06640625
2 0.321875 0.37578125 0.01640625 0.04453125
2 0.52265625 0.42421875 0.0203125 0.0578125
2 0.365625 0.328125 0.0140625 0.046875
2 0.453125 0.47890625 0.0234375 0.078125
2 0.4921875 0.4453125 0.0203125 0.0640625
2 0.39296875 0.346875 0.0140625 0.04453125
2 0.50546875 0.38125 0.0140625 0.046875
2 0.44921875 0.3765625 0.01875 0.05546875
2 0.4765625 0.46640625 0.02109375 0.07109375
2 0.41640625 0.3796875 0.01484375 0.053125
2 0.1359375 0.31875 0.0171875 0.0375
2 0.53828125 0.4 0.0140625 0.04453125
1 0.20625 0.5265625 0.0828125 0.1421875
1 0.3828125 0.85703125 0.24375 0.28203125
1 0.2171875 0.346875 0.0390625 0.0625