0 0.7078125 0.4875 0.14140625 0.2421875
2 0.4515625 0.85703125 0.0453125 0.1578125
2 0.225 0.3890625 0.0171875 0.04921875
2 0.35859375 0.83203125 0.03984375 0.13984375
2 0.35390625 0.615625 0.0328125 0.09765625
2 0.4265625 0.58984375 0.03515625 0.10859375
2 0.546875 0.6203125 0.0359375 0.10703125
2 0.4921875 0.6296875 0.04609375 0.14453125
2 0.5625 0.91796875 0.06015625 0.16015625
2 0.83984375 0.76015625 0.0703125 0.09765625
2 0.5921875 0.79921875 0.03515625 0.13984375
2 0.6890625 0.86640625 0.0703125 0.18671875
2 0.61875 0.5265625 0.0296875 0.09296875
2 0.39609375 0.5234375 0.025 0.08203125
2 0.35625 0.47890625 0.02265625 0.06875
2 0.32265625 0.384375 0.0171875 0.0625
2 0.37890625 0.4546875 0.0203125 0.06015625
2 0.63359375 0.7296875 0.0578125 0.14921875
2 0.51328125 0.4859375 0.0234375 0.0734375
2 0.1 0.41640625 0.03515625 0.06875
2 0.5984375 0.6234375 0.0421875 0.11328125
2 0.4125 0.45703125 0.0203125 0.06875
2 0.57734375 0.4859375 0.02734375 0.0734375
2 0.4875 0.53125 0.0328125 0.07109375
2 0.4328125 0.3796875 0.0140625 0.053125
2 0.6828125 0.69140625 0.04765625 0.10703125
2 0.39140625 0.40078125 0.0171875 0.05546875
2 0.43515625 0.503125 0.02265625 0.0734375
2 0.45234375 0.46875 0.0203125 0.07109375
2 0.328125 0.2765625 0.00859375 0.02890625
2 0.54765625 0.51015625 0.025 0.078125
2 0.6703125 0.61015625 0.03984375 0.0640625
2 0.51484375 0.41328125 0.0203125 0.04453125
1 0.1859375 0.46796875 0.0671875 0.11796875
1 0.89296875 0.8921875 0.2109375 0.2109375