2 0.43046875 0.934375 0.0515625 0.1265625
2 0.26484375 0.5875 0.03515625 0.1046875
2 0.3234375 0.84453125 0.0546875 0.1640625
2 0.57421875 0.8875 0.08359375 0.19296875
2 0.4734375 0.25546875 0.0203125 0.0265625
2 0.37890625 0.2890625 0.025 0.0265625
2 0.5453125 0.25078125 0.01640625 0.0265625
2 0.4046875 0.28359375 0.0296875 0.02890625
2 0.57578125 0.25078125 0.01875 0.021875
2 0.315625 0.28671875 0.01640625 0.03984375
2 0.525 0.25234375 0.01484375 0.02421875
2 0.353125 0.28671875 0.0265625 0.03125
2 0.053125 0.4140625 0.0515625 0.0734375