2 0.68046875 0.9125 0.13359375 0.17109375
2 0.2578125 0.9640625 0.0765625 0.06640625
2 0.18359375 0.3546875 0.01484375 0.05078125
2 0.3546875 0.9234375 0.075 0.14921875
2 0.21015625 0.4265625 0.02265625 0.084375
2 0.4828125 0.27578125 0.0328125 0.0359375
2 0.52578125 0.27890625 0.02890625 0.0375
2 0.07421875 0.3921875 0.03125 0.06015625
2 0.36171875 0.28203125 0.0265625 0.03984375
2 0.2046875 0.27890625 0.02109375 0.02890625
2 0.04609375 0.4078125 0.0421875 0.05078125
2 0.2265625 0.284375 0.02109375 0.03125
2 0.20078125 0.38671875 0.0140625 0.053125