2 0.465625 0.65 0.0390625 0.11796875
2 0.5359375 0.74140625 0.03984375 0.1265625
2 0.3953125 0.50859375 0.0296875 0.0890625
2 0.54453125 0.56875 0.0359375 0.10703125
2 0.6671875 0.6859375 0.05 0.1359375
2 0.3640625 0.41015625 0.0171875 0.05546875
2 0.4890625 0.37890625 0.01875 0.05546875
2 0.5953125 0.50078125 0.0328125 0.08203125
2 0.41640625 0.4375 0.02265625 0.06640625
2 0.3953125 0.37578125 0.01875 0.053125
2 0.5015625 0.48671875 0.025 0.0796875
2 0.46328125 0.48125 0.0234375 0.078125
2 0.128125 0.38984375 0.02109375 0.046875
2 0.7140625 0.55859375 0.04140625 0.08671875
2 0.56171875 0.4265625 0.02109375 0.0578125
2 0.64609375 0.59296875 0.03984375 0.0796875
2 0.36171875 0.35546875 0.0140625 0.0359375
2 0.46484375 0.396875 0.01484375 0.05078125
2 0.5734375 0.2640625 0.0140625 0.0265625
2 0.4453125 0.34453125 0.0140625 0.03984375
2 0.434375 0.31015625 0.0109375 0.03359375
2 0.4375 0.40078125 0.0171875 0.05078125
2 0.4515625 0.42578125 0.0234375 0.05078125
2 0.4890625 0.253125 0.0078125 0.021875
2 0.4203125 0.2859375 0.00859375 0.02890625
2 0.3921875 0.33203125 0.0125 0.0375
2 0.00390625 0.553125 0.0078125 0.0625
1 0.2109375 0.35703125 0.0453125 0.0640625