2 0.34921875 0.45859375 0.02109375 0.0640625
2 0.22109375 0.40078125 0.0171875 0.05546875
2 0.390625 0.24921875 0.00625 0.0265625
2 0.078125 0.39921875 0.0265625 0.046875
2 0.4328125 0.3296875 0.0140625 0.0421875
2 0.04609375 0.40859375 0.03984375 0.053125
2 0.39765625 0.2390625 0.0078125 0.02421875
2 0.17734375 0.38203125 0.01484375 0.04453125
2 0.1765625 0.3546875 0.0140625 0.03359375
1 0.29453125 0.665625 0.15625 0.26015625
1 0.8421875 0.828125 0.26640625 0.3359375
1 0.19453125 0.44453125 0.05390625 0.1203125