2 0.43359375 0.86015625 0.0578125 0.178125
2 0.465625 0.6765625 0.04375 0.13125
2 0.42109375 0.59765625 0.03515625 0.10234375
2 0.378125 0.3890625 0.01875 0.053125
2 0.4 0.36796875 0.0171875 0.05078125
2 0.42578125 0.3890625 0.01875 0.0578125
2 0.65625 0.86640625 0.05 0.18671875
2 0.16640625 0.334375 0.0171875 0.046875
2 0.43359375 0.271875 0.02265625 0.03359375
2 0.61484375 0.9359375 0.0578125 0.12421875
2 0.51875 0.28203125 0.02265625 0.0265625
2 0.40234375 0.2796875 0.02265625 0.0359375
2 0.55703125 0.26328125 0.02109375 0.02890625
2 0.35703125 0.28125 0.02109375 0.02890625
2 0.3828125 0.28671875 0.02734375 0.03125
2 0.58046875 0.26640625 0.01875 0.0265625
2 0.6828125 0.284375 0.02890625 0.0359375
2 0.50078125 0.2703125 0.02109375 0.02890625
2 0.48359375 0.2703125 0.0203125 0.02890625
2 0.32578125 0.2875 0.02890625 0.0375
1 0.6359375 0.4796875 0.1078125 0.12890625
1 0.5171875 0.4109375 0.0734375 0.1109375
1 0.84140625 0.68203125 0.1953125 0.2265625
1 0.4484375 0.34296875 0.0421875 0.0640625