0 0.6640625 0.5875 0.16640625 0.26875
2 0.3578125 0.86015625 0.05859375 0.18203125
2 0.2734375 0.696875 0.0390625 0.1265625
2 0.16015625 0.5140625 0.02734375 0.078125
2 0.57890625 0.771875 0.0546875 0.16640625
2 0.509375 0.52890625 0.0390625 0.09296875
2 0.4171875 0.7390625 0.03984375 0.121875
2 0.46015625 0.6265625 0.03515625 0.1203125
2 0.3890625 0.5765625 0.0390625 0.1046875
2 0.5484375 0.9734375 0.07890625 0.04921875
2 0.22578125 0.50234375 0.02109375 0.07109375
2 0.49609375 0.83984375 0.05 0.15078125
2 0.3765625 0.4234375 0.0203125 0.0640625
2 0.16953125 0.32890625 0.01640625 0.0359375
2 0.4171875 0.47421875 0.0265625 0.0734375
2 0.20546875 0.43203125 0.01875 0.06015625
2 0.4765625 0.4359375 0.0203125 0.0625
2 0.39140625 0.38203125 0.0171875 0.0625
2 0.43359375 0.43671875 0.0171875 0.0640625
2 0.675 0.97890625 0.0828125 0.0375
2 0.51796875 0.4125 0.01875 0.05546875
2 0.36875 0.33203125 0.0125 0.046875
2 0.42109375 0.365625 0.0171875 0.05078125
2 0.49921875 0.70078125 0.0515625 0.0953125
2 0.46015625 0.53203125 0.0328125 0.0640625
2 0.76015625 0.9859375 0.01484375 0.02421875
2 0.4328125 0.31796875 0.0109375 0.03984375
2 0.5046875 0.45546875 0.02265625 0.03984375
2 0.49140625 0.38984375 0.0171875 0.05078125
2 0.12578125 0.3203125 0.01640625 0.0359375
2 0.4421875 0.3796875 0.01484375 0.04921875
2 0.209375 0.39140625 0.0234375 0.053125
2 0.4609375 0.4046875 0.0171875 0.0625
2 0.3484375 0.30703125 0.0140625 0.0359375
1 0.484375 0.32109375 0.0359375 0.05546875
1 0.5828125 0.41796875 0.08125 0.1109375