2 0.76875 0.9453125 0.0875 0.1046875
2 0.36328125 0.9421875 0.0640625 0.1109375
2 0.6359375 0.915625 0.0671875 0.1640625
2 0.41171875 0.61640625 0.03125 0.1
2 0.3453125 0.6546875 0.0296875 0.1
2 0.553125 0.9078125 0.06640625 0.1796875
2 0.57265625 0.6296875 0.0453125 0.121875
2 0.53203125 0.71796875 0.04609375 0.12890625
2 0.4765625 0.65546875 0.0375 0.1203125
2 0.446875 0.50234375 0.03359375 0.09765625
2 0.225 0.36015625 0.01484375 0.04453125
2 0.359375 0.5203125 0.0265625 0.0796875
2 0.8734375 0.96328125 0.0890625 0.06875
2 0.3984375 0.4875 0.025 0.08203125
2 0.32265625 0.3734375 0.0171875 0.04453125
2 0.3546875 0.41015625 0.0171875 0.05546875
2 0.10078125 0.41640625 0.0359375 0.06875
2 0.4625 0.4234375 0.01484375 0.05546875
2 0.49765625 0.5796875 0.0296875 0.1109375
2 0.5296875 0.49765625 0.0265625 0.06640625
2 0.33984375 0.35703125 0.01484375 0.0375
2 0.37421875 0.446875 0.01875 0.06640625
2 0.5453125 0.55859375 0.0328125 0.08671875
2 0.6984375 0.56328125 0.03515625 0.02890625
2 0.32734375 0.2703125 0.0078125 0.02421875
2 0.4046875 0.42578125 0.0203125 0.05078125
2 0.48984375 0.49140625 0.025 0.06640625
2 0.5765625 0.5234375 0.03125 0.0640625
3 0.63359375 0.421875 0.10234375 0.19140625
1 0.18671875 0.42890625 0.05859375 0.09765625
1 0.721875 0.70078125 0.1765625 0.26015625
1 0.871875 0.68125 0.2140625 0.28671875