2 0.1875 0.54765625 0.0328125 0.09140625
2 0.2265625 0.6765625 0.0375 0.10859375
2 0.3515625 0.76640625 0.05234375 0.1375
2 0.284375 0.584375 0.0390625 0.09765625
2 0.53671875 0.91640625 0.09140625 0.1625
2 0.1828125 0.35 0.01640625 0.05078125
2 0.1984375 0.3375 0.01484375 0.04921875
2 0.0453125 0.40703125 0.04140625 0.053125
2 0.428125 0.27890625 0.0234375 0.0375
2 0.34375 0.54453125 0.0328125 0.06640625
2 0.15625 0.30078125 0.025 0.0375
2 0.1765625 0.31796875 0.0140625 0.0359375
2 0.34375 0.66328125 0.04765625 0.10859375
2 0.3203125 0.28359375 0.0234375 0.0375
1 0.22890625 0.25859375 0.0296875 0.02890625