2 0.340625 0.7609375 0.04609375 0.14453125
2 0.3484375 0.56328125 0.03515625 0.1
2 0.5390625 0.78984375 0.05625 0.1578125
2 0.6453125 0.82109375 0.04765625 0.16640625
2 0.55078125 0.63125 0.0359375 0.10234375
2 0.48359375 0.8421875 0.0578125 0.16015625
2 0.4171875 0.5609375 0.0375 0.1
2 0.60859375 0.96875 0.0796875 0.0578125
2 0.3546875 0.3640625 0.0203125 0.053125
2 0.4953125 0.6296875 0.03359375 0.1
2 0.390625 0.503125 0.0265625 0.08671875
2 0.51484375 0.55546875 0.02734375 0.084375
2 0.634375 0.6109375 0.04375 0.1109375
2 0.52890625 0.50546875 0.0203125 0.08203125
2 0.5078125 0.41015625 0.02265625 0.0640625
2 0.4640625 0.69296875 0.0453125 0.09765625
2 0.4265625 0.47421875 0.0234375 0.078125
2 0.3828125 0.365625 0.01640625 0.046875
2 0.35859375 0.26796875 0.01015625 0.02890625
2 0.69921875 0.95 0.08359375 0.0953125
2 0.4484375 0.34453125 0.0140625 0.04453125
2 0.39765625 0.33984375 0.01484375 0.04453125
2 0.44375 0.4203125 0.0171875 0.053125
2 0.73671875 0.79921875 0.03125 0.14453125
2 0.46875 0.5375 0.0328125 0.0796875
2 0.4109375 0.40703125 0.01640625 0.053125
2 0.4734375 0.42890625 0.01875 0.0578125
2 0.76484375 0.81640625 0.08515625 0.1796875
2 0.46328125 0.45859375 0.0234375 0.06015625
2 0.61953125 0.66875 0.04609375 0.1421875
2 0.775 0.928125 0.0953125 0.13984375
2 0.3828125 0.45703125 0.0296875 0.0734375
2 0.7578125 0.77578125 0.0734375 0.09765625
1 0.8 0.6375 0.1671875 0.1953125
1 0.9359375 0.884375 0.1265625 0.2265625
1 0.52109375 0.25234375 0.0375 0.02890625