2 0.159375 0.48671875 0.02890625 0.0796875
2 0.5421875 0.27890625 0.025 0.0375
2 0.1734375 0.40859375 0.01875 0.053125
2 0.4359375 0.28359375 0.0265625 0.03359375
2 0.21484375 0.39296875 0.0171875 0.053125
2 0.38359375 0.26796875 0.0203125 0.02890625
2 0.046875 0.4078125 0.0390625 0.05078125
2 0.32421875 0.2796875 0.02109375 0.0265625
2 0.4953125 0.28671875 0.02890625 0.0265625
2 0.071875 0.39921875 0.0359375 0.0421875
2 0.209375 0.2953125 0.02109375 0.03125
3 0.3609375 0.74921875 0.33125 0.49765625
1 0.0078125 0.59453125 0.015625 0.1046875