2 0.2015625 0.4953125 0.0265625 0.07578125
2 0.221875 0.4125 0.02109375 0.05546875
2 0.1765625 0.3375 0.01640625 0.03984375
2 0.36328125 0.284375 0.0234375 0.0359375
2 0.13515625 0.321875 0.0203125 0.0359375
2 0.41328125 0.278125 0.0234375 0.0359375
2 0.4609375 0.28671875 0.03125 0.0265625
2 0.4984375 0.278125 0.0171875 0.0265625
2 0.5234375 0.28125 0.025 0.02890625
2 0.19609375 0.43203125 0.02265625 0.046875
2 0.43203125 0.27890625 0.02109375 0.02890625
2 0.58203125 0.2765625 0.01875 0.03359375
1 0.30390625 0.64921875 0.1453125 0.253125