2 0.3765625 0.771875 0.04609375 0.1359375
2 0.509375 0.7046875 0.04375 0.1375
2 0.5109375 0.41015625 0.0203125 0.05546875
2 0.1546875 0.5796875 0.0296875 0.0890625
2 0.5453125 0.534375 0.03359375 0.08671875
2 0.215625 0.5625 0.03359375 0.0890625
2 0.97734375 0.85234375 0.0421875 0.14453125
2 0.2796875 0.5734375 0.04140625 0.10234375
2 0.7109375 0.8796875 0.0734375 0.19140625
2 0.4421875 0.49453125 0.025 0.0734375
2 0.76015625 0.715625 0.0625 0.1421875
2 0.47734375 0.4625 0.02265625 0.0625
2 0.36171875 0.3765625 0.01640625 0.05546875
2 0.20859375 0.45703125 0.02265625 0.06015625
2 0.38984375 0.3625 0.0171875 0.053125
2 0.34453125 0.30859375 0.0109375 0.0359375
2 0.42578125 0.3265625 0.0109375 0.0359375
2 0.41015625 0.4078125 0.0203125 0.06015625
2 0.46328125 0.4 0.01640625 0.053125
2 0.440625 0.365625 0.01640625 0.0421875
2 0.31953125 0.28359375 0.0140625 0.02890625
2 0.42109375 0.384375 0.01484375 0.053125
2 0.3796875 0.29140625 0.00859375 0.0265625
2 0.359375 0.31640625 0.0109375 0.0375
2 0.3859375 0.328125 0.0140625 0.0421875
2 0.4 0.31015625 0.0125 0.0375
2 0.4453125 0.41796875 0.0171875 0.04453125
2 0.0046875 0.5546875 0.00859375 0.0640625
2 0.128125 0.38984375 0.02109375 0.046875
3 0.5046875 0.33984375 0.05 0.0796875