2 0.36640625 0.70546875 0.03984375 0.1359375
2 0.54453125 0.8765625 0.0609375 0.184375
2 0.4625 0.83125 0.0546875 0.1734375
2 0.5359375 0.4375 0.025 0.07109375
2 0.30546875 0.521875 0.04609375 0.084375
2 0.11015625 0.48984375 0.02265625 0.06875
2 0.6171875 0.721875 0.05 0.13359375
2 0.4265625 0.6234375 0.03515625 0.11328125
2 0.97578125 0.9296875 0.04609375 0.1359375
2 0.70078125 0.95859375 0.0859375 0.078125
2 0.8140625 0.671875 0.0625 0.08671875
2 0.70703125 0.61875 0.04375 0.1046875
2 0.6546875 0.671875 0.04609375 0.1359375
2 0.6140625 0.5375 0.0359375 0.0890625
2 0.3640625 0.55078125 0.02734375 0.0796875
2 0.578125 0.471875 0.02890625 0.078125
2 0.475 0.6453125 0.03515625 0.10859375
2 0.4 0.5734375 0.03515625 0.10234375
2 0.43203125 0.4859375 0.0234375 0.078125
2 0.521875 0.5921875 0.03359375 0.1046875
2 0.5859375 0.621875 0.0390625 0.1109375
2 0.51328125 0.7203125 0.04375 0.13359375
2 0.046875 0.4078125 0.0390625 0.05078125
2 0.1875 0.33359375 0.0125 0.03984375
2 0.38203125 0.45859375 0.0265625 0.078125
2 0.07109375 0.3953125 0.0375 0.053125
2 0.8296875 0.678125 0.0328125 0.07578125
2 0.41328125 0.4234375 0.01875 0.06015625
2 0.36640625 0.39921875 0.0171875 0.05078125
2 0.66953125 0.61796875 0.01875 0.10703125
2 0.45625 0.5703125 0.02265625 0.0734375
2 0.49765625 0.4703125 0.02734375 0.0734375
1 0.1859375 0.478125 0.06875 0.1203125
1 0.82421875 0.8359375 0.2234375 0.32421875