2 0.2765625 0.9390625 0.0671875 0.11796875
2 0.21953125 0.60859375 0.03125 0.10703125
2 0.16171875 0.49296875 0.0265625 0.0796875
2 0.18671875 0.38671875 0.01875 0.053125
2 0.1734375 0.33671875 0.0125 0.0375
2 0.2109375 0.46328125 0.0234375 0.0734375
2 0.4484375 0.3046875 0.0109375 0.03984375
2 0.41796875 0.33125 0.0140625 0.04453125
2 0.6328125 0.9546875 0.10234375 0.08671875
2 0.46953125 0.271875 0.00859375 0.03359375
2 0.1421875 0.30234375 0.0265625 0.0359375
2 0.221875 0.4453125 0.01640625 0.05546875
2 0.36875 0.29140625 0.01015625 0.0359375
2 0.5265625 0.25546875 0.0125 0.03125
2 0.2125 0.37578125 0.01484375 0.04453125
2 0.49921875 0.96796875 0.0859375 0.06015625
2 0.38828125 0.28984375 0.0109375 0.0375
2 0.00390625 0.55703125 0.0078125 0.06875