2 0.7640625 0.9 0.0765625 0.1953125
2 0.3328125 0.74921875 0.0484375 0.146875
2 0.53203125 0.56640625 0.03359375 0.10234375
2 0.6140625 0.82421875 0.0609375 0.178125
2 0.9546875 0.9234375 0.0875 0.14921875
2 0.45234375 0.378125 0.01484375 0.04453125
2 0.415625 0.43203125 0.0234375 0.06875
2 0.66640625 0.6234375 0.0421875 0.1046875
2 0.4640625 0.62109375 0.0390625 0.11328125
2 0.58515625 0.534375 0.0328125 0.0953125
2 0.69765625 0.534375 0.0375 0.09140625
2 0.6046875 0.45 0.02734375 0.06875
2 0.18671875 0.38984375 0.0234375 0.05546875
2 0.4796875 0.43125 0.01875 0.0625
2 0.3328125 0.35 0.01484375 0.046875
2 0.1703125 0.33671875 0.01484375 0.0375
2 0.36171875 0.35703125 0.0140625 0.046875
2 0.196875 0.35859375 0.0140625 0.0375
2 0.37734375 0.371875 0.0171875 0.0640625
2 0.5328125 0.41328125 0.0171875 0.0578125
2 0.415625 0.36015625 0.01640625 0.04921875
2 0.4671875 0.5109375 0.0296875 0.07578125
2 0.58515625 0.41015625 0.025 0.05078125
2 0.5796875 0.41328125 0.0140625 0.03984375
2 0.5265625 0.4734375 0.0265625 0.0578125
2 0.33515625 0.29921875 0.0125 0.0375
3 0.49453125 0.33125 0.0484375 0.07109375
1 0.19140625 0.47421875 0.0671875 0.121875