2 0.25859375 0.871875 0.06015625 0.17578125
2 0.20859375 0.52421875 0.02734375 0.0890625
2 0.459375 0.671875 0.04375 0.13125
2 0.334375 0.73203125 0.0515625 0.1359375
2 0.1921875 0.378125 0.01875 0.04921875
2 0.3234375 0.37421875 0.01875 0.05078125
2 0.43359375 0.57421875 0.02734375 0.09140625
2 0.3828125 0.85703125 0.0421875 0.1578125
2 0.09921875 0.428125 0.0390625 0.05078125
2 0.41484375 0.5421875 0.01484375 0.0625
2 0.434375 0.58984375 0.02109375 0.0640625
2 0.32421875 0.33984375 0.01640625 0.03984375
1 0.8796875 0.8796875 0.2390625 0.2359375