2 0.2203125 0.69296875 0.03984375 0.13359375
2 0.47734375 0.5125 0.0296875 0.09140625
2 0.840625 0.72421875 0.07109375 0.146875
2 0.69140625 0.8 0.0625 0.15546875
2 0.22265625 0.5109375 0.0296875 0.0890625
2 0.56953125 0.8234375 0.0640625 0.1625
2 0.2015625 0.3578125 0.0140625 0.03984375
2 0.4640625 0.36640625 0.0171875 0.053125
2 0.5140625 0.4640625 0.025 0.07578125
2 0.49296875 0.34453125 0.01640625 0.0578125
2 0.56328125 0.4546875 0.0234375 0.06875
2 0.34296875 0.303125 0.0140625 0.0421875
2 0.16875 0.32890625 0.0125 0.0359375
2 0.384375 0.346875 0.01875 0.0578125
2 0.403125 0.3109375 0.0109375 0.03984375
2 0.88984375 0.9296875 0.11015625 0.1359375
2 0.2203125 0.3296875 0.01484375 0.0421875
2 0.3640625 0.29140625 0.01015625 0.0359375
2 0.5640625 0.65546875 0.04765625 0.12421875
2 0.4421875 0.33203125 0.0140625 0.05078125
2 0.5796875 0.41640625 0.01640625 0.046875
2 0.43984375 0.4359375 0.02265625 0.0625