2 0.3859375 0.5203125 0.0265625 0.084375
2 0.5453125 0.77109375 0.0453125 0.13359375
2 0.6609375 0.7796875 0.06484375 0.1203125
2 0.20625 0.40234375 0.0171875 0.053125
2 0.22421875 0.371875 0.01875 0.05078125
2 0.55703125 0.4546875 0.0234375 0.0734375
2 0.4953125 0.5 0.0265625 0.0796875
2 0.5421875 0.5421875 0.02890625 0.084375
2 0.66484375 0.9125 0.08984375 0.17109375
2 0.4671875 0.59453125 0.03515625 0.11328125
2 0.61953125 0.4546875 0.0234375 0.06875
2 0.50625 0.4125 0.0203125 0.06015625
2 0.19375 0.365625 0.01484375 0.0421875
2 0.3328125 0.34453125 0.0125 0.04453125
2 0.39921875 0.4375 0.01875 0.0578125
2 0.3796875 0.36796875 0.0140625 0.05078125
2 0.4390625 0.5125 0.02890625 0.08671875
2 0.60546875 0.578125 0.03125 0.09765625
2 0.46796875 0.284375 0.0109375 0.03125
2 0.4796875 0.41796875 0.0203125 0.053125
2 0.5640625 0.67890625 0.0328125 0.11328125
2 0.421875 0.3703125 0.0140625 0.05078125
2 0.540625 0.4078125 0.01640625 0.05078125
2 0.8671875 0.97109375 0.1015625 0.053125
2 0.4609375 0.3796875 0.01875 0.053125
2 0.5234375 0.4734375 0.025 0.07109375
2 0.4359375 0.39140625 0.0171875 0.053125
2 0.36796875 0.353125 0.0109375 0.04453125
2 0.4515625 0.45546875 0.0171875 0.053125
2 0.353125 0.35546875 0.01640625 0.0625
2 0.58828125 0.50234375 0.01875 0.0625
2 0.578125 0.6265625 0.0265625 0.09765625
1 0.2125 0.50234375 0.0796875 0.12890625
1 0.4421875 0.94296875 0.1828125 0.10859375
1 0.80625 0.60234375 0.17734375 0.2265625
1 0.7953125 0.76875 0.225 0.2796875