2 0.553125 0.628125 0.03359375 0.1046875
2 0.61875 0.58125 0.0375 0.11328125
2 0.465625 0.578125 0.0359375 0.10703125
2 0.4234375 0.4546875 0.0203125 0.0640625
2 0.6640625 0.55078125 0.0359375 0.0890625
2 0.48125 0.3953125 0.0203125 0.0625
2 0.46328125 0.46328125 0.02109375 0.0640625
2 0.18828125 0.3953125 0.01875 0.04921875
2 0.434375 0.3796875 0.01875 0.053125
2 0.40546875 0.3453125 0.01640625 0.05546875
2 0.3609375 0.31875 0.01484375 0.0421875
2 0.42265625 0.296875 0.01015625 0.0375
2 0.325 0.278125 0.01015625 0.03125
2 0.5515625 0.25546875 0.0203125 0.03125
2 0.4609375 0.34453125 0.0140625 0.04453125
2 0.48671875 0.30703125 0.0109375 0.0359375
2 0.4765625 0.32890625 0.0125 0.03984375
2 0.37265625 0.3 0.01015625 0.0359375
2 0.5734375 0.2546875 0.0109375 0.02890625
2 0.43359375 0.3359375 0.0125 0.0359375
1 0.1734375 0.48125 0.07265625 0.1265625
1 0.2125 0.334375 0.03984375 0.05546875