0 0.440625 0.271875 0.0609375 0.11328125
0 0.37890625 0.27421875 0.0421875 0.09140625
2 0.41640625 0.9359375 0.0546875 0.12421875
2 0.4703125 0.66875 0.04140625 0.13359375
2 0.22578125 0.39453125 0.01875 0.05078125
2 0.52421875 0.71796875 0.0484375 0.15078125
2 0.59140625 0.48203125 0.0296875 0.0796875
2 0.36328125 0.41640625 0.01875 0.0640625
2 0.77421875 0.96640625 0.09609375 0.0625
2 0.32265625 0.37578125 0.0171875 0.04453125
2 0.3703125 0.34296875 0.0125 0.0375
2 0.4734375 0.553125 0.0296875 0.07578125
2 0.3875 0.3921875 0.01484375 0.046875
2 0.6078125 0.97421875 0.0625 0.046875
2 0.34921875 0.24140625 0.00625 0.02421875
2 0.34375 0.3078125 0.01015625 0.03359375
2 0.59453125 0.85859375 0.06640625 0.16640625
2 0.3390625 0.2390625 0.0046875 0.02421875
2 0.40546875 0.278125 0.00859375 0.0265625
2 0.3359375 0.3203125 0.01015625 0.0359375
2 0.3953125 0.3640625 0.01640625 0.04453125
2 0.38828125 0.4734375 0.0234375 0.07578125
1 0.7796875 0.7078125 0.2234375 0.3046875
1 0.70703125 0.50703125 0.12890625 0.15078125
1 0.4671875 0.38125 0.0546875 0.08203125