2 0.19375 0.7046875 0.0421875 0.1375
2 0.30859375 0.84296875 0.0546875 0.17578125
2 0.40390625 0.74140625 0.04765625 0.14453125
2 0.48046875 0.865625 0.05859375 0.1578125
2 0.39609375 0.9703125 0.06484375 0.05546875
2 0.7140625 0.84296875 0.06640625 0.1796875
2 0.6296875 0.7046875 0.05234375 0.146875
2 0.50546875 0.66015625 0.04140625 0.1375
2 0.6890625 0.96328125 0.0921875 0.06875
2 0.42890625 0.56640625 0.03515625 0.09765625
2 0.4703125 0.715625 0.05234375 0.10703125
2 0.378125 0.4359375 0.02109375 0.06640625
2 0.06640625 0.46328125 0.025 0.0640625
2 0.409375 0.34921875 0.0140625 0.04453125
2 0.40390625 0.515625 0.02734375 0.07578125
2 0.7078125 0.66640625 0.0578125 0.12890625
2 0.803125 0.95703125 0.0984375 0.08203125
2 0.83984375 0.70546875 0.03984375 0.1046875
2 0.59609375 0.8640625 0.0546875 0.13359375
2 0.8265625 0.7 0.0703125 0.12421875
2 0.09375 0.4640625 0.02734375 0.0625
2 0.38359375 0.34921875 0.0171875 0.0578125
2 0.465625 0.41640625 0.01875 0.0640625
2 0.5421875 0.4703125 0.0234375 0.078125
2 0.521875 0.49296875 0.0234375 0.07109375
2 0.4515625 0.48671875 0.01875 0.0578125
2 0.56953125 0.7359375 0.05859375 0.10234375
2 0.871875 0.82421875 0.08125 0.13359375
2 0.80546875 0.8578125 0.08359375 0.16875
2 0.5484375 0.653125 0.03984375 0.09765625
2 0.425 0.46796875 0.02265625 0.05546875
2 0.48828125 0.571875 0.02890625 0.0734375
2 0.5703125 0.60234375 0.03125 0.06640625
2 0.46640625 0.53671875 0.025 0.09140625
2 0.61875 0.628125 0.0421875 0.078125
1 0.62890625 0.503125 0.12734375 0.16640625
1 0.20546875 0.484375 0.07890625 0.16015625
1 0.928125 0.88671875 0.14140625 0.221875