2 0.18125 0.43125 0.0203125 0.0625
2 0.234375 0.60078125 0.03125 0.0953125
2 0.2078125 0.46640625 0.02265625 0.06640625
2 0.5375 0.5234375 0.02734375 0.08671875
2 0.4546875 0.44140625 0.0234375 0.06875
2 0.48984375 0.3875 0.0171875 0.05546875
2 0.428125 0.646875 0.0484375 0.0578125
2 0.4125 0.40078125 0.02265625 0.0640625
2 0.584375 0.5140625 0.02890625 0.078125
2 0.4515625 0.3140625 0.0109375 0.0375
2 0.6046875 0.4578125 0.025 0.06640625
2 0.35546875 0.321875 0.0140625 0.04453125
2 0.4296875 0.3359375 0.0109375 0.03984375
2 0.33671875 0.31640625 0.0109375 0.0375
2 0.41484375 0.3140625 0.01015625 0.03359375
2 0.00390625 0.553125 0.0078125 0.06640625
1 0.521875 0.821875 0.26875 0.35078125
1 0.525 0.25 0.0375 0.02890625