2 0.19609375 0.66796875 0.0375 0.11796875
2 0.3390625 0.79296875 0.05859375 0.1734375
2 0.4515625 0.415625 0.01875 0.0578125
2 0.6109375 0.44140625 0.02734375 0.0640625
2 0.2375 0.365625 0.01484375 0.0421875
2 0.1765625 0.39453125 0.01640625 0.05078125
2 0.146875 0.4640625 0.02109375 0.0625
2 0.41015625 0.32890625 0.01484375 0.04453125
2 0.42734375 0.321875 0.01484375 0.03984375
2 0.3828125 0.353125 0.01640625 0.04921875
2 0.39765625 0.303125 0.01015625 0.03359375
2 0.0453125 0.40859375 0.0390625 0.04921875
2 0.43671875 0.29296875 0.0109375 0.0265625
2 0.40625 0.44140625 0.025 0.0640625
2 0.2140625 0.36015625 0.0171875 0.03984375
2 0.3828125 0.2703125 0.0078125 0.02421875
2 0.0703125 0.40234375 0.0390625 0.03984375
2 0.1984375 0.3734375 0.01875 0.04453125
2 0.334375 0.303125 0.01640625 0.0375
2 0.19765625 0.4140625 0.0203125 0.06015625
1 0.0328125 0.5421875 0.065625 0.1375
1 0.2078125 0.49453125 0.07265625 0.1265625
1 0.48359375 0.31796875 0.03984375 0.053125