2 0.26171875 0.6296875 0.0390625 0.11796875
2 0.1875 0.38671875 0.0171875 0.053125
2 0.60625 0.5046875 0.0328125 0.0890625
2 0.45546875 0.546875 0.03125 0.09765625
2 0.690625 0.55703125 0.03359375 0.09140625
2 0.8421875 0.803125 0.07734375 0.17109375
2 0.4046875 0.4109375 0.02265625 0.0625
2 0.4484375 0.415625 0.0203125 0.0578125
2 0.484375 0.39921875 0.01875 0.06015625
2 0.70859375 0.9390625 0.0828125 0.11796875
2 0.5609375 0.384375 0.01640625 0.04453125
2 0.3578125 0.3609375 0.0171875 0.05546875
2 0.58515625 0.4078125 0.0203125 0.05546875
2 0.53359375 0.38203125 0.01484375 0.04921875
2 0.096875 0.45859375 0.0234375 0.06875
2 0.39921875 0.34765625 0.0140625 0.0421875
2 0.74921875 0.86640625 0.08359375 0.19140625
2 0.7390625 0.75 0.0625 0.10859375
2 0.50703125 0.384375 0.0140625 0.04453125
2 0.51953125 0.40703125 0.01640625 0.053125
2 0.5171875 0.4921875 0.02890625 0.08203125
2 0.4671875 0.34765625 0.0140625 0.046875
2 0.43046875 0.37109375 0.01640625 0.04921875
2 0.00390625 0.55546875 0.0078125 0.06640625