2 0.23125 0.67890625 0.0421875 0.1265625
2 0.44140625 0.728125 0.0578125 0.13984375
2 0.55625 0.9234375 0.0921875 0.14921875
2 0.21171875 0.36875 0.02109375 0.0578125
2 0.35234375 0.91640625 0.0703125 0.1625
2 0.1828125 0.37578125 0.0171875 0.06640625
2 0.0453125 0.40546875 0.04140625 0.05546875
2 0.46328125 0.2859375 0.0234375 0.02421875
2 0.5421875 0.28203125 0.0234375 0.0265625
2 0.3625 0.2875 0.025 0.03359375
2 0.40234375 0.24453125 0.01015625 0.021875
2 0.503125 0.2765625 0.02109375 0.03359375
2 0.346875 0.57578125 0.04140625 0.09296875
2 0.1859375 0.2953125 0.02265625 0.03125
3 0.2078125 0.25546875 0.05234375 0.04921875
1 0.2015625 0.284375 0.0625 0.03984375