2 0.453125 0.80703125 0.04609375 0.15546875
2 0.51640625 0.80078125 0.05234375 0.1578125
2 0.371875 0.86640625 0.04375 0.16015625
2 0.78125 0.60234375 0.0453125 0.09765625
2 0.20625 0.41796875 0.02265625 0.0625
2 0.409375 0.5734375 0.03125 0.10234375
2 0.3046875 0.521875 0.04765625 0.084375
2 0.375 0.5921875 0.0375 0.09140625
2 0.5578125 0.94296875 0.06875 0.10859375
2 0.54609375 0.596875 0.03515625 0.11328125
2 0.6453125 0.7765625 0.05234375 0.1625
2 0.3609375 0.41328125 0.0171875 0.053125
2 0.3921875 0.428125 0.02109375 0.0640625
2 0.60546875 0.85234375 0.05390625 0.1578125
2 0.51484375 0.65 0.0421875 0.09140625
2 0.35703125 0.5046875 0.0265625 0.07578125
2 0.4953125 0.28671875 0.0234375 0.0265625
2 0.4265625 0.27890625 0.025 0.0421875
2 0.53359375 0.2796875 0.02734375 0.03125
2 0.79921875 0.78203125 0.05859375 0.146875
2 0.4546875 0.6265625 0.0359375 0.10703125
2 0.5234375 0.51015625 0.0328125 0.078125
2 0.04609375 0.4078125 0.03984375 0.05078125
2 0.7296875 0.89453125 0.0578125 0.19296875
2 0.4046875 0.39140625 0.0203125 0.053125
2 0.50703125 0.26640625 0.0140625 0.0265625
2 0.3984375 0.28203125 0.025 0.04453125
2 0.46015625 0.27578125 0.02265625 0.03125
2 0.07265625 0.4 0.03515625 0.04453125
2 0.47265625 0.57578125 0.025 0.10234375
2 0.32265625 0.29140625 0.0203125 0.0359375
2 0.4484375 0.42421875 0.0203125 0.053125
2 0.575 0.72109375 0.05234375 0.11796875
2 0.3734375 0.2875 0.0265625 0.03359375
2 0.77265625 0.953125 0.08515625 0.0890625
2 0.34375 0.284375 0.0203125 0.03125
2 0.45234375 0.503125 0.02734375 0.0640625
1 0.8984375 0.89296875 0.2 0.20859375
1 0.9109375 0.72421875 0.1765625 0.29296875