2 0.209375 0.55859375 0.02890625 0.1
2 0.2265625 0.94453125 0.0703125 0.10703125
2 0.13671875 0.478125 0.0234375 0.07578125
2 0.7609375 0.884375 0.08359375 0.19140625
2 0.3265625 0.5859375 0.03359375 0.1046875
2 0.3640625 0.5625 0.02890625 0.09765625
2 0.4140625 0.66640625 0.0390625 0.1203125
2 0.61875 0.76875 0.05 0.15078125
2 0.5390625 0.715625 0.04765625 0.146875
2 0.5796875 0.6109375 0.03984375 0.1109375
2 0.52265625 0.53125 0.0328125 0.09765625
2 0.490625 0.71875 0.0484375 0.10859375
2 0.85390625 0.965625 0.0875 0.0640625
2 0.3859375 0.50546875 0.0265625 0.08671875
2 0.5859375 0.4859375 0.025 0.0734375
2 0.06640625 0.46328125 0.025 0.06875
2 0.5359375 0.25859375 0.0140625 0.02890625
2 0.34296875 0.31328125 0.0109375 0.03125
2 0.3828125 0.40234375 0.0171875 0.0578125
2 0.42265625 0.4390625 0.025 0.06015625
2 0.39921875 0.3875 0.01640625 0.05078125
2 0.09375 0.4640625 0.02734375 0.0625
2 0.3109375 0.9265625 0.09140625 0.1421875
2 0.47890625 0.38671875 0.0171875 0.053125
2 0.60078125 0.44765625 0.01640625 0.06015625
2 0.42578125 0.5734375 0.0359375 0.0890625
2 0.68125 0.9609375 0.1171875 0.0734375
2 0.4765625 0.6109375 0.05234375 0.1375
1 0.19609375 0.42109375 0.0625 0.1265625
1 0.5078125 0.8796875 0.2640625 0.2359375
1 0.74140625 0.66796875 0.1921875 0.28671875