2 0.2375 0.6625 0.03515625 0.1109375
2 0.19140625 0.5109375 0.0296875 0.084375
2 0.1703125 0.3921875 0.0171875 0.05078125
2 0.4734375 0.271875 0.02109375 0.03359375
2 0.19765625 0.33984375 0.01484375 0.03125
2 0.32890625 0.2875 0.02734375 0.03359375
2 0.5265625 0.2765625 0.02265625 0.03359375
2 0.38515625 0.278125 0.025 0.0265625
2 0.56484375 0.2703125 0.0203125 0.02890625
2 0.2359375 0.28359375 0.0140625 0.02890625
2 0.16171875 0.33125 0.0140625 0.03125
2 0.2203125 0.33203125 0.0140625 0.03359375
2 0.25 0.5640625 0.02734375 0.084375
1 0.21015625 0.38671875 0.05234375 0.07578125