0 0.853125 0.8 0.29140625 0.3953125
2 0.0859375 0.66875 0.0421875 0.1203125
2 0.425 0.528125 0.0296875 0.09140625
2 0.62265625 0.8265625 0.0625 0.1734375
2 0.46484375 0.846875 0.0578125 0.16875
2 0.52109375 0.80234375 0.05 0.1421875
2 0.4234375 0.92578125 0.0703125 0.14453125
2 0.43125 0.71796875 0.0453125 0.13359375
2 0.69921875 0.5421875 0.04140625 0.09296875
2 0.54375 0.65859375 0.0421875 0.13125
2 0.54765625 0.5203125 0.0296875 0.0890625
2 0.4640625 0.40234375 0.0203125 0.0578125
2 0.42265625 0.428125 0.0203125 0.05546875
2 0.52265625 0.41015625 0.0203125 0.05078125
2 0.609375 0.59921875 0.04140625 0.1
2 0.4453125 0.35546875 0.0109375 0.03984375
2 0.2015625 0.34453125 0.01484375 0.04453125
2 0.56875 0.2640625 0.01484375 0.021875
2 0.47578125 0.52890625 0.02890625 0.09765625
2 0.4859375 0.3234375 0.0109375 0.03359375
2 0.3546875 0.365625 0.0140625 0.0421875
2 0.39921875 0.38359375 0.02109375 0.05078125
2 0.490625 0.48125 0.0234375 0.06875
2 0.8421875 0.60234375 0.0515625 0.0796875
2 0.209375 0.3390625 0.0109375 0.0375
2 0.37265625 0.44921875 0.02265625 0.0796875
2 0.62578125 0.6890625 0.0484375 0.084375
2 0.4859375 0.253125 0.0078125 0.01796875
2 0.33828125 0.3421875 0.0140625 0.04453125
2 0.42890625 0.378125 0.01484375 0.04453125
2 0.49140625 0.41015625 0.025 0.0640625
2 0.82265625 0.6125 0.0921875 0.0640625
2 0.534375 0.4703125 0.02109375 0.06015625
2 0.4859375 0.3875 0.01640625 0.046875
1 0.2171875 0.55859375 0.0984375 0.1578125
1 0.19296875 0.41796875 0.05859375 0.09296875