2 0.58515625 0.49765625 0.0296875 0.084375
2 0.7921875 0.746875 0.0671875 0.15078125
2 0.51015625 0.621875 0.03515625 0.09765625
2 0.55 0.57421875 0.0328125 0.0953125
2 0.36875 0.48359375 0.025 0.0734375
2 0.82578125 0.92109375 0.0890625 0.153125
2 0.38828125 0.45 0.02109375 0.06015625
2 0.3734375 0.98125 0.0625 0.03359375
2 0.43984375 0.45234375 0.0203125 0.0734375
2 0.6375 0.965625 0.09765625 0.0640625
2 0.35078125 0.82578125 0.05625 0.17109375
2 0.4890625 0.43671875 0.02265625 0.0640625
2 0.4109375 0.34921875 0.01640625 0.053125
2 0.5515625 0.4359375 0.025 0.0625
2 0.453125 0.3640625 0.01640625 0.04921875
2 0.45859375 0.43671875 0.0203125 0.06875
2 0.534375 0.40234375 0.01640625 0.04453125
2 0.3375 0.27421875 0.0125 0.0375
2 0.3734375 0.35 0.01640625 0.05546875
2 0.390625 0.34140625 0.01640625 0.046875
2 0.47890625 0.39453125 0.01484375 0.05078125
2 0.4953125 0.384375 0.01484375 0.04453125
1 0.1921875 0.38125 0.05390625 0.0953125