2 0.3921875 0.88359375 0.05625 0.184375
2 0.7703125 0.76875 0.0640625 0.15078125
2 0.590625 0.68359375 0.0484375 0.1359375
2 0.42734375 0.46875 0.02734375 0.0796875
2 0.4671875 0.4078125 0.01875 0.05546875
2 0.5078125 0.4796875 0.025 0.0796875
2 0.64765625 0.63203125 0.0453125 0.121875
2 0.521875 0.7609375 0.05390625 0.13984375
2 0.175 0.346875 0.01484375 0.03984375
2 0.7765625 0.621875 0.0484375 0.10703125
2 0.20078125 0.36875 0.0140625 0.03984375
2 0.3859375 0.40078125 0.0171875 0.06015625
2 0.3375 0.365625 0.01484375 0.05078125
2 0.571875 0.55 0.0359375 0.08671875
2 0.18203125 0.4140625 0.0234375 0.0640625
2 0.5671875 0.4578125 0.0234375 0.0625
2 0.42265625 0.38203125 0.0203125 0.053125
2 0.528125 0.25546875 0.01875 0.0265625
2 0.50390625 0.603125 0.0375 0.1046875
2 0.3734375 0.37109375 0.0125 0.0578125
2 0.43359375 0.3640625 0.01484375 0.04921875
2 0.6203125 0.44453125 0.025 0.053125
2 0.6359375 0.484375 0.01640625 0.0625
2 0.36171875 0.33984375 0.0140625 0.03984375
2 0.7890625 0.6234375 0.025 0.1046875
2 0.65 0.50703125 0.02734375 0.0625
2 0.46171875 0.31015625 0.00859375 0.0421875
2 0.4921875 0.3125 0.0125 0.02890625
1 0.20078125 0.5125 0.0765625 0.1359375
1 0.51015625 0.3453125 0.05234375 0.078125