2 0.4046875 0.915625 0.06015625 0.1640625
2 0.16640625 0.6234375 0.03515625 0.10859375
2 0.10390625 0.5453125 0.03515625 0.0953125
2 0.88359375 0.9359375 0.0921875 0.12421875
2 0.2109375 0.48984375 0.0234375 0.06875
2 0.525 0.82890625 0.0625 0.178125
2 0.33515625 0.63359375 0.0375 0.1203125
2 0.27109375 0.58125 0.0296875 0.0640625
2 0.4484375 0.6125 0.03515625 0.1046875
2 0.390625 0.46640625 0.02109375 0.07109375
2 0.67890625 0.77890625 0.0625 0.13984375
2 0.3828125 0.70234375 0.0421875 0.15546875
2 0.7171875 0.68125 0.04609375 0.13125
2 0.3625 0.465625 0.02265625 0.078125
2 0.5453125 0.6375 0.0390625 0.10703125
2 0.5796875 0.5921875 0.03515625 0.0953125
2 0.490625 0.57578125 0.0359375 0.10703125
2 0.3828125 0.33671875 0.0125 0.0421875
2 0.6140625 0.7765625 0.05390625 0.14921875
2 0.196875 0.3609375 0.01640625 0.046875
2 0.415625 0.35078125 0.0140625 0.03984375
2 0.33828125 0.29296875 0.00859375 0.03125
2 0.42890625 0.52421875 0.0296875 0.0890625
2 0.62890625 0.64765625 0.03984375 0.1265625
2 0.046875 0.41328125 0.0390625 0.06640625
2 0.41015625 0.44765625 0.0203125 0.06875
2 0.4625 0.47890625 0.0203125 0.06875
2 0.403125 0.378125 0.01640625 0.04453125
2 0.35625 0.24921875 0.0078125 0.021875
2 0.41953125 0.41015625 0.01640625 0.046875
2 0.0734375 0.39296875 0.0328125 0.0578125
2 0.39453125 0.621875 0.04609375 0.1203125
2 0.3609375 0.2796875 0.0078125 0.0265625
2 0.44921875 0.40703125 0.0234375 0.04921875
2 0.34765625 0.2296875 0.0046875 0.0203125
2 0.5484375 0.53359375 0.0296875 0.06640625
1 0.27890625 0.7359375 0.1546875 0.253125
1 0.0328125 0.53828125 0.065625 0.1359375
1 0.9078125 0.81328125 0.18125 0.36875