2 0.2046875 0.70859375 0.0375 0.115625
2 0.6546875 0.7953125 0.06015625 0.16015625
2 0.4296875 0.50703125 0.0296875 0.0890625
2 0.434375 0.37109375 0.0140625 0.04453125
2 0.2390625 0.53984375 0.02734375 0.0796875
2 0.296875 0.70078125 0.0484375 0.1359375
2 0.1796875 0.56015625 0.03125 0.09296875
2 0.48671875 0.465625 0.02890625 0.078125
2 0.41640625 0.31328125 0.01015625 0.04453125
2 0.49765625 0.34921875 0.01484375 0.04453125
2 0.6828125 0.965625 0.0546875 0.0640625
2 0.2203125 0.4875 0.0265625 0.0734375
2 0.3875 0.29296875 0.01015625 0.0359375
2 0.475 0.4046875 0.0203125 0.053125
2 0.33515625 0.3234375 0.01484375 0.05078125
2 0.04609375 0.40859375 0.03984375 0.04921875
2 0.1859375 0.4921875 0.03125 0.06875
2 0.3765625 0.27890625 0.01015625 0.02890625
2 0.0703125 0.40078125 0.0390625 0.0421875
2 0.48125 0.3703125 0.0171875 0.0375
2 0.3484375 0.3109375 0.0125 0.03984375
1 0.41171875 0.896875 0.2109375 0.20234375
1 0.0328125 0.5390625 0.065625 0.1375
1 0.58515625 0.4234375 0.0796875 0.0953125
1 0.5390625 0.25546875 0.04140625 0.03984375