2 0.25390625 0.9125 0.05234375 0.17109375
2 0.1640625 0.61015625 0.0328125 0.1
2 0.3796875 0.57890625 0.0375 0.1
2 0.4234375 0.6453125 0.0375 0.11328125
2 0.5390625 0.65234375 0.03984375 0.13125
2 0.5421875 0.48125 0.0265625 0.0734375
2 0.64609375 0.934375 0.1 0.1265625
2 0.1796875 0.3546875 0.0140625 0.0421875
2 0.6375 0.58125 0.0421875 0.1046875
2 0.384375 0.9265625 0.07109375 0.1421875
2 0.4671875 0.6203125 0.03984375 0.10703125
2 0.59765625 0.62578125 0.04765625 0.121875
2 0.50234375 0.5640625 0.03515625 0.10234375
2 0.3734375 0.42890625 0.0234375 0.07109375
2 0.81953125 0.784375 0.0734375 0.16015625
2 0.51484375 0.41015625 0.0171875 0.05546875
2 0.4140625 0.45234375 0.025 0.0734375
2 0.6015625 0.81640625 0.0640625 0.14453125
2 0.30390625 0.528125 0.0453125 0.078125
2 0.3109375 0.64140625 0.0453125 0.1046875
2 0.5328125 0.38671875 0.01640625 0.04921875
2 0.33203125 0.83125 0.0484375 0.15078125
2 0.340625 0.3640625 0.01640625 0.053125
2 0.6515625 0.7703125 0.05859375 0.1578125
2 0.0453125 0.4078125 0.0390625 0.05078125
2 0.7953125 0.928125 0.09375 0.13984375
2 0.45859375 0.48984375 0.02265625 0.06015625
2 0.578125 0.55546875 0.02109375 0.06640625
2 0.9578125 0.9453125 0.08125 0.1046875
2 0.0703125 0.396875 0.0390625 0.05078125
2 0.4921875 0.46796875 0.0265625 0.06015625
2 0.3796875 0.39453125 0.0203125 0.05078125
2 0.44453125 0.5546875 0.0265625 0.08203125
3 0.5953125 0.41015625 0.09765625 0.1578125
1 0.23046875 0.35546875 0.04140625 0.06640625