2 0.5765625 0.896875 0.0765625 0.19296875
2 0.37578125 0.78125 0.04609375 0.14453125
2 0.45390625 0.89765625 0.05 0.1640625
2 0.2796875 0.57109375 0.0328125 0.10703125
2 0.8328125 0.91328125 0.09375 0.16875
2 0.4171875 0.52578125 0.02890625 0.078125
2 0.51796875 0.6421875 0.0359375 0.115625
2 0.75625 0.753125 0.0625 0.146875
2 0.2109375 0.37421875 0.01875 0.05078125
2 0.47890625 0.70234375 0.0453125 0.13359375
2 0.17890625 0.3796875 0.0171875 0.053125
2 0.446875 0.59453125 0.03359375 0.1046875
2 0.4609375 0.42109375 0.0234375 0.0640625
2 0.58984375 0.70546875 0.05 0.13125
2 0.95390625 0.92578125 0.08984375 0.14453125
2 0.46796875 0.51796875 0.02890625 0.0890625
2 0.43671875 0.378125 0.01640625 0.053125
2 0.9796875 0.93203125 0.0375 0.13125
2 0.34375 0.3921875 0.01484375 0.05546875
2 0.3921875 0.4109375 0.02109375 0.07578125
2 0.4203125 0.39140625 0.01484375 0.053125
2 0.66328125 0.5765625 0.0390625 0.0640625
2 0.57265625 0.47421875 0.02734375 0.06875
2 0.5984375 0.59921875 0.03515625 0.08671875
2 0.66875 0.69453125 0.06015625 0.11328125
2 0.69765625 0.8734375 0.075 0.1734375
2 0.5953125 0.5046875 0.0296875 0.0625
2 0.7328125 0.9640625 0.08125 0.06640625
2 0.425 0.48203125 0.02265625 0.07109375
2 0.3671875 0.384375 0.01640625 0.053125
2 0.090625 0.384375 0.01640625 0.0625
2 0.70078125 0.771875 0.05625 0.078125
2 0.5328125 0.56875 0.0203125 0.06640625
1 0.6453125 0.4734375 0.09140625 0.1203125
1 0.8578125 0.6796875 0.2171875 0.2890625