2 0.17890625 0.6734375 0.03515625 0.1203125
2 0.1828125 0.5265625 0.03125 0.0890625
2 0.2203125 0.45703125 0.025 0.078125
2 0.4015625 0.2875 0.0234375 0.02890625
2 0.184375 0.403125 0.01640625 0.05546875
2 0.32265625 0.37578125 0.0171875 0.04453125
2 0.2171875 0.37421875 0.0140625 0.05078125
2 0.3640625 0.2859375 0.025 0.02890625
2 0.33203125 0.284375 0.02109375 0.0265625
2 0.1828125 0.3390625 0.0109375 0.03359375
2 0.18828125 0.36015625 0.01640625 0.03984375
2 0.55859375 0.27421875 0.02265625 0.02421875
2 0.22109375 0.28671875 0.025 0.0265625
1 0.36953125 0.8390625 0.25625 0.31796875