0 0.23125 0.2421875 0.0421875 0.0578125
2 0.18359375 0.521875 0.0328125 0.09296875
2 0.43359375 0.3734375 0.0203125 0.04921875
2 0.4671875 0.315625 0.0140625 0.0359375
2 0.321875 0.37578125 0.01640625 0.03984375
2 0.4109375 0.303125 0.0125 0.03359375
2 0.38671875 0.3046875 0.0109375 0.03984375
2 0.453125 0.28984375 0.00859375 0.02890625
2 0.4390625 0.29765625 0.01015625 0.0359375
2 0.16484375 0.296875 0.025 0.03359375
2 0.33828125 0.2796875 0.00859375 0.0265625
1 0.1953125 0.384375 0.05625 0.09765625