0 0.878125 0.67421875 0.24140625 0.3359375
2 0.2671875 0.93125 0.0609375 0.13359375
2 0.35234375 0.87578125 0.05234375 0.1734375
2 0.1390625 0.4390625 0.02109375 0.0640625
2 0.26171875 0.57109375 0.03359375 0.09765625
2 0.41953125 0.5796875 0.03359375 0.10234375
2 0.475 0.92109375 0.0546875 0.153125
2 0.47734375 0.5890625 0.03515625 0.10234375
2 0.5390625 0.51328125 0.0296875 0.0890625
2 0.3515625 0.69140625 0.0421875 0.12890625
2 0.5203125 0.87578125 0.05 0.1640625
2 0.8 0.8078125 0.04765625 0.14921875
2 0.52109375 0.71796875 0.05 0.09296875
2 0.228125 0.371875 0.01640625 0.0421875
2 0.43828125 0.44296875 0.02109375 0.0734375
2 0.73046875 0.89921875 0.05625 0.16640625
2 0.7671875 0.85234375 0.0421875 0.14921875
2 0.4328125 0.35703125 0.01640625 0.05078125
2 0.184375 0.36640625 0.01640625 0.04453125
2 0.63984375 0.85859375 0.05234375 0.184375
2 0.4578125 0.421875 0.02109375 0.06640625
2 0.4890625 0.42421875 0.0171875 0.0578125
2 0.065625 0.3921875 0.02109375 0.0640625
2 0.6015625 0.94453125 0.0625 0.10703125
2 0.8640625 0.92578125 0.09140625 0.14453125
2 0.40625 0.3859375 0.0171875 0.05546875
2 0.60546875 0.55546875 0.0390625 0.09296875
2 0.475 0.3734375 0.01484375 0.04453125
2 0.6984375 0.85703125 0.0375 0.14453125
2 0.45546875 0.32421875 0.0140625 0.03984375
2 0.5296875 0.38359375 0.01640625 0.046875
2 0.375 0.36328125 0.01484375 0.05078125
2 0.2046875 0.3953125 0.0171875 0.03984375
2 0.59453125 0.69765625 0.0484375 0.1109375
2 0.58359375 0.50546875 0.02734375 0.0640625
2 0.1515625 0.3265625 0.01484375 0.03125
2 0.5421875 0.253125 0.0125 0.0265625
2 0.359375 0.384375 0.01640625 0.04921875
2 0.540625 0.43359375 0.0234375 0.0625
2 0.3890625 0.35078125 0.01484375 0.04453125
2 0.17578125 0.3390625 0.0109375 0.03359375
2 0.5015625 0.39765625 0.01640625 0.053125
1 0.1890625 0.45546875 0.0625 0.10703125
1 0.51015625 0.3359375 0.0453125 0.0625