2 0.21328125 0.4421875 0.0234375 0.0578125
2 0.20703125 0.5734375 0.03125 0.09765625
2 0.78046875 0.77578125 0.07109375 0.15546875
2 0.30703125 0.73359375 0.04609375 0.13359375
2 0.63828125 0.6640625 0.04609375 0.1109375
2 0.45703125 0.90859375 0.0640625 0.178125
2 0.384375 0.53671875 0.02890625 0.0953125
2 0.51953125 0.653125 0.0390625 0.1109375
2 0.7 0.6546875 0.0546875 0.1265625
2 0.03984375 0.59296875 0.03515625 0.09765625
2 0.3515625 0.665625 0.0484375 0.1265625
2 0.45390625 0.6203125 0.03515625 0.10703125
2 0.5640625 0.58671875 0.0328125 0.10234375
2 0.4234375 0.51328125 0.025 0.0796875
2 0.18984375 0.3359375 0.0171875 0.04453125
2 0.58359375 0.50703125 0.025 0.07578125
2 0.1671875 0.45546875 0.025 0.07578125
2 0.490625 0.43984375 0.0234375 0.07109375
2 0.6859375 0.9578125 0.0625 0.0796875
2 0.16171875 0.32890625 0.01640625 0.0359375
2 0.92578125 0.97421875 0.0484375 0.046875
2 0.45 0.40078125 0.0171875 0.05546875
2 0.3453125 0.3125 0.01015625 0.03359375
2 0.3609375 0.384375 0.01640625 0.04921875
2 0.4109375 0.39921875 0.01875 0.06015625
2 0.515625 0.40859375 0.01875 0.0578125
2 0.4359375 0.33984375 0.0140625 0.04453125
2 0.21875 0.35234375 0.01484375 0.0421875
2 0.6578125 0.88984375 0.12265625 0.215625
2 0.37890625 0.4109375 0.0203125 0.04921875
2 0.36328125 0.3 0.0109375 0.0359375
2 0.490625 0.37109375 0.01640625 0.04921875
2 0.5328125 0.478125 0.0234375 0.07109375
2 0.503125 0.5609375 0.0265625 0.0734375
2 0.46328125 0.5375 0.0234375 0.053125
2 0.39453125 0.33203125 0.0109375 0.0421875
2 0.5234375 0.52890625 0.01484375 0.0625
2 0.425 0.428125 0.02265625 0.05078125
2 0.13125 0.34765625 0.01484375 0.0375
2 0.37734375 0.465625 0.025 0.06875
1 0.59375 0.41015625 0.0796875 0.11328125