0 0.771875 0.696875 0.45390625 0.60234375
2 0.440625 0.92890625 0.0515625 0.1375
2 0.4140625 0.471875 0.02734375 0.08203125
2 0.50703125 0.7203125 0.04140625 0.1203125
2 0.203125 0.3734375 0.01640625 0.04921875
2 0.53515625 0.278125 0.025 0.03984375
2 0.4609375 0.27890625 0.025 0.0375
2 0.05703125 0.49140625 0.0265625 0.0625
2 0.3203125 0.284375 0.0171875 0.03125
2 0.396875 0.2890625 0.0265625 0.03125
2 0.2171875 0.3125 0.0109375 0.0375
2 0.3609375 0.2875 0.0234375 0.02890625
2 0.4890625 0.25546875 0.0171875 0.021875
1 0.14375 0.3109375 0.06015625 0.053125