0 0.496875 0.39921875 0.14609375 0.26015625
2 0.4265625 0.5640625 0.03515625 0.10234375
2 0.4015625 0.75546875 0.04375 0.1421875
2 0.4015625 0.4453125 0.01875 0.06015625
2 0.56796875 0.85546875 0.0609375 0.1734375
2 0.37734375 0.3453125 0.0171875 0.05546875
2 0.36640625 0.46328125 0.02265625 0.0640625
2 0.06328125 0.48125 0.02890625 0.0640625
2 0.465625 0.81328125 0.0484375 0.15078125
2 0.48125 0.7109375 0.0453125 0.1375
2 0.2296875 0.70703125 0.03984375 0.12890625
2 0.5453125 0.715625 0.0484375 0.1109375
2 0.53671875 0.6359375 0.04609375 0.0890625
2 0.5234375 0.634375 0.02109375 0.078125
2 0.1765625 0.32421875 0.01875 0.03984375
2 0.16171875 0.34296875 0.0109375 0.06015625
2 0.5140625 0.60859375 0.03359375 0.115625
1 0.87890625 0.70703125 0.23984375 0.3421875
1 0.51171875 0.9375 0.20625 0.1203125