2 0.1953125 0.45703125 0.025 0.0734375
2 0.36015625 0.8609375 0.04765625 0.153125
2 0.4078125 0.93984375 0.07890625 0.115625
2 0.30546875 0.521875 0.04609375 0.084375
2 0.334375 0.66875 0.04609375 0.115625
2 0.6953125 0.61875 0.0453125 0.1
2 0.49921875 0.93359375 0.07109375 0.12890625
2 0.43515625 0.60546875 0.03515625 0.1046875
2 0.98125 0.934375 0.03515625 0.1265625
2 0.74609375 0.80546875 0.04765625 0.16640625
2 0.54140625 0.528125 0.0328125 0.09140625
2 0.4671875 0.7921875 0.0578125 0.13984375
2 0.3828125 0.50546875 0.0296875 0.08671875
2 0.409375 0.484375 0.0234375 0.07578125
2 0.4234375 0.37578125 0.01640625 0.053125
2 0.64453125 0.64453125 0.03125 0.10703125
2 0.046875 0.4078125 0.0390625 0.05078125
2 0.628125 0.8890625 0.05390625 0.16015625
2 0.50859375 0.4890625 0.02734375 0.07109375
2 0.5796875 0.58984375 0.03515625 0.1
2 0.45546875 0.55703125 0.0265625 0.09140625
2 0.61640625 0.68203125 0.0453125 0.12421875
2 0.6046875 0.9453125 0.0578125 0.1046875
2 0.4765625 0.50078125 0.025 0.06875
2 0.4328125 0.4640625 0.0203125 0.07109375
2 0.67578125 0.80859375 0.02890625 0.12421875
2 0.51796875 0.6140625 0.04140625 0.09140625
2 0.71875 0.8296875 0.06484375 0.1265625
2 0.07109375 0.40078125 0.0375 0.0421875
2 0.7078125 0.9390625 0.0765625 0.11796875
2 0.44296875 0.4296875 0.01875 0.06015625
2 0.59140625 0.5 0.025 0.07109375
2 0.4796875 0.4453125 0.0171875 0.046875
2 0.59296875 0.6046875 0.03125 0.07109375
2 0.5953125 0.9203125 0.07734375 0.15546875
2 0.3578125 0.3796875 0.01484375 0.053125
2 0.5671875 0.50234375 0.025 0.0625
2 0.40390625 0.403125 0.0171875 0.05078125
2 0.3421875 0.33984375 0.0109375 0.03984375
2 0.8234375 0.9578125 0.1046875 0.0796875
2 0.4921875 0.56015625 0.0296875 0.084375
2 0.37578125 0.45078125 0.0265625 0.0625
2 0.534375 0.7265625 0.05390625 0.1421875
2 0.8328125 0.91328125 0.08984375 0.16875
1 0.8625 0.69765625 0.21484375 0.24453125