0 0.39296875 0.2390625 0.0390625 0.06875
2 0.56875 0.9421875 0.0671875 0.1109375
2 0.4515625 0.7359375 0.04765625 0.15078125
2 0.58125 0.50859375 0.0328125 0.0890625
2 0.3921875 0.971875 0.06484375 0.05078125
2 0.1890625 0.371875 0.0171875 0.05078125
2 0.728125 0.77890625 0.05390625 0.153125
2 0.15 0.58203125 0.02734375 0.084375
2 0.44765625 0.4578125 0.02265625 0.07109375
2 0.48125 0.634375 0.03515625 0.10859375
2 0.3703125 0.40703125 0.01875 0.0625
2 0.4734375 0.4359375 0.02265625 0.07109375
2 0.40625 0.47109375 0.02734375 0.0796875
2 0.5078125 0.5703125 0.03125 0.08671875
2 0.6765625 0.82109375 0.06875 0.14453125
2 0.21640625 0.371875 0.01484375 0.0421875
2 0.67578125 0.6125 0.04375 0.10859375
2 0.8484375 0.9296875 0.08359375 0.1359375
2 0.4828125 0.35546875 0.0140625 0.04921875
2 0.46015625 0.3546875 0.01484375 0.05078125
2 0.57421875 0.80546875 0.0609375 0.1625
2 0.04609375 0.4078125 0.03984375 0.05078125
2 0.33125 0.3359375 0.0125 0.03984375
2 0.5234375 0.48203125 0.02109375 0.07578125
2 0.6578125 0.52578125 0.03515625 0.078125
2 0.0734375 0.39453125 0.03359375 0.05546875
2 0.6578125 0.953125 0.07109375 0.0890625
2 0.57890625 0.67578125 0.03984375 0.09296875
2 0.7796875 0.9609375 0.08515625 0.0734375
2 0.3515625 0.3625 0.01640625 0.0625
2 0.71953125 0.67109375 0.05390625 0.0890625
2 0.15703125 0.328125 0.0140625 0.03359375
2 0.4140625 0.35078125 0.01484375 0.04453125
2 0.4328125 0.3375 0.0125 0.03984375
2 0.43828125 0.38984375 0.02109375 0.05546875
2 0.5046875 0.50546875 0.02734375 0.0640625
2 0.3953125 0.3625 0.01484375 0.04921875
2 0.4078125 0.41015625 0.02109375 0.05078125
2 0.84375 0.8609375 0.0796875 0.1890625
1 0.1875 0.4765625 0.07265625 0.11328125