0 0.20703125 0.25546875 0.10859375 0.0890625
2 0.4296875 0.82890625 0.04765625 0.16875
2 0.30546875 0.9640625 0.0640625 0.06640625
2 0.1953125 0.38359375 0.01640625 0.05078125
2 0.18046875 0.55234375 0.03125 0.08671875
2 0.2078125 0.51875 0.025 0.078125
2 0.24140625 0.3375 0.01484375 0.053125
2 0.184375 0.34765625 0.0140625 0.0421875
2 0.44296875 0.28203125 0.0265625 0.0359375
2 0.40546875 0.27421875 0.0265625 0.0421875
2 0.4859375 0.2765625 0.025 0.0421875
2 0.15234375 0.28984375 0.025 0.0421875
2 0.25078125 0.33359375 0.0109375 0.03984375