2 0.46875 0.91875 0.0546875 0.1578125
2 0.20546875 0.52421875 0.03125 0.084375
2 0.29296875 0.91875 0.05390625 0.1578125
2 0.3734375 0.5890625 0.0328125 0.09296875
2 0.4703125 0.546875 0.0296875 0.10234375
2 0.56171875 0.81015625 0.05625 0.16640625
2 0.14921875 0.46015625 0.02109375 0.06640625
2 0.7453125 0.7421875 0.06015625 0.1421875
2 0.20078125 0.3421875 0.01640625 0.04453125
2 0.4359375 0.5875 0.0359375 0.11328125
2 0.3859375 0.2921875 0.01015625 0.03359375
2 0.7953125 0.72578125 0.05625 0.13984375
2 0.45625 0.46328125 0.02734375 0.06875
2 0.565625 0.684375 0.0515625 0.10703125
2 0.41640625 0.51875 0.025 0.0734375
2 0.14453125 0.32421875 0.01875 0.03125
2 0.5359375 0.4578125 0.0265625 0.0625
2 0.7 0.88203125 0.0703125 0.1953125
2 0.53671875 0.5765625 0.0359375 0.1
2 0.3265625 0.228125 0.00859375 0.02890625
1 0.475 0.29921875 0.0375 0.06015625
1 0.56015625 0.40234375 0.0703125 0.084375