0 0.2890625 0.265625 0.1125 0.0734375
2 0.42578125 0.94765625 0.0640625 0.1
2 0.2625 0.60078125 0.03515625 0.1046875
2 0.3109375 0.8953125 0.05859375 0.18671875
2 0.18125 0.346875 0.01484375 0.03984375
2 0.12421875 0.41640625 0.02109375 0.046875
2 0.1890625 0.28671875 0.0265625 0.0265625
2 0.4421875 0.28203125 0.0234375 0.03125
2 0.4109375 0.28125 0.02265625 0.02890625
2 0.36171875 0.2703125 0.02109375 0.02890625
2 0.3921875 0.26875 0.01875 0.03125
2 0.5625 0.26796875 0.02265625 0.02890625
2 0.59140625 0.27578125 0.01484375 0.0359375
2 0.528125 0.2703125 0.01875 0.02421875
2 0.68359375 0.2859375 0.02734375 0.03359375
2 0.14609375 0.3234375 0.0171875 0.03359375
1 0.1921875 0.45 0.06875 0.13984375