2 0.165625 0.37421875 0.01640625 0.046875
2 0.41953125 0.584375 0.0359375 0.1109375
2 0.55703125 0.66875 0.04140625 0.115625
2 0.36640625 0.621875 0.03515625 0.10234375
2 0.14375 0.52578125 0.0296875 0.08203125
2 0.3546875 0.478125 0.0234375 0.06640625
2 0.4578125 0.70703125 0.04375 0.13359375
2 0.7390625 0.9390625 0.07890625 0.11796875
2 0.4078125 0.4578125 0.02109375 0.07578125
2 0.5296875 0.85234375 0.0578125 0.20234375
2 0.54140625 0.25703125 0.0125 0.02421875
2 0.51484375 0.54140625 0.025 0.08671875
2 0.37421875 0.33203125 0.0140625 0.0421875
2 0.6203125 0.8875 0.07265625 0.184375
2 0.4546875 0.51640625 0.0234375 0.0734375
2 0.06484375 0.4625 0.02734375 0.07109375
2 0.35546875 0.27109375 0.0109375 0.0359375
2 0.47734375 0.621875 0.03515625 0.09296875
2 0.43828125 0.38125 0.01640625 0.046875
2 0.40078125 0.378125 0.01640625 0.04921875
2 0.4234375 0.42578125 0.01640625 0.05546875
2 0.3546875 0.35546875 0.01640625 0.04453125
2 0.77421875 0.8734375 0.0515625 0.18203125
2 0.3984375 0.26640625 0.00859375 0.03125
2 0.33828125 0.29140625 0.00859375 0.0359375
2 0.3359375 0.24765625 0.00625 0.02421875
2 0.3609375 0.41796875 0.02109375 0.04921875
2 0.37890625 0.5453125 0.02734375 0.0734375
2 0.4953125 0.5796875 0.02109375 0.0890625
1 0.88125 0.746875 0.23515625 0.3109375
1 0.4359375 0.85546875 0.24375 0.284375
1 0.64921875 0.615625 0.15390625 0.23984375
1 0.7484375 0.56875 0.13359375 0.16015625
1 0.2078125 0.353125 0.0453125 0.084375