0 0.1953125 0.25 0.0671875 0.0734375
0 0.465625 0.33671875 0.05859375 0.11328125
2 0.4859375 0.90078125 0.0609375 0.19296875
2 0.14140625 0.46796875 0.02265625 0.06875
2 0.7359375 0.69296875 0.05390625 0.1375
2 0.7078125 0.9578125 0.0859375 0.0796875
2 0.671875 0.58125 0.04375 0.1
2 0.46640625 0.6359375 0.0421875 0.1109375
2 0.1921875 0.54765625 0.03125 0.0953125
2 0.59375 0.6890625 0.03984375 0.1203125
2 0.5703125 0.77578125 0.05 0.146875
2 0.42265625 0.4390625 0.02265625 0.0640625
2 0.43984375 0.5421875 0.02734375 0.0890625
2 0.503125 0.56015625 0.03125 0.09765625
2 0.48203125 0.2578125 0.0109375 0.0265625
2 0.21640625 0.49453125 0.02734375 0.078125
2 0.2859375 0.55234375 0.0171875 0.05078125
2 0.57109375 0.5859375 0.03515625 0.08671875
2 0.39453125 0.35078125 0.0140625 0.04453125
2 0.334375 0.3046875 0.0109375 0.03984375
2 0.45859375 0.48125 0.02265625 0.06875
2 0.5296875 0.3546875 0.0203125 0.0421875
2 0.4109375 0.39765625 0.01484375 0.04921875
2 0.33125 0.46640625 0.02734375 0.07109375
2 0.17890625 0.34765625 0.01015625 0.0375
2 0.47265625 0.41328125 0.0171875 0.053125
2 0.20703125 0.4296875 0.0234375 0.0734375
1 0.28359375 0.6953125 0.15234375 0.29296875
1 0.90390625 0.77109375 0.18984375 0.3734375
1 0.5328125 0.43125 0.08359375 0.13359375