2 0.1859375 0.5078125 0.03125 0.08203125
2 0.5328125 0.75859375 0.05390625 0.153125
2 0.4546875 0.7390625 0.0453125 0.14453125
2 0.58359375 0.71640625 0.05234375 0.13984375
2 0.175 0.36796875 0.01484375 0.0421875
2 0.5640625 0.2765625 0.0234375 0.03359375
2 0.48046875 0.246875 0.00859375 0.021875
2 0.1203125 0.30234375 0.02734375 0.03125
2 0.00390625 0.55234375 0.0078125 0.06015625
3 0.2109375 0.36640625 0.0578125 0.12421875
1 0.56015625 0.5125 0.0921875 0.1359375
1 0.83984375 0.8109375 0.26484375 0.3734375