2 0.35703125 0.7703125 0.04609375 0.153125
2 0.4125 0.92421875 0.0578125 0.146875
2 0.74140625 0.84296875 0.0671875 0.17109375
2 0.34375 0.596875 0.025 0.0953125
2 0.50234375 0.753125 0.05 0.1640625
2 0.69609375 0.92890625 0.0703125 0.1375
2 0.396875 0.553125 0.0265625 0.0890625
2 0.56796875 0.753125 0.0515625 0.1421875
2 0.3625 0.4890625 0.02265625 0.07109375
2 0.221875 0.353125 0.0140625 0.03984375
2 0.53671875 0.5640625 0.03359375 0.09296875
2 0.43203125 0.46640625 0.0265625 0.07578125
2 0.4984375 0.6109375 0.0359375 0.0890625
2 0.4515625 0.584375 0.03125 0.09765625
2 0.671875 0.8078125 0.0609375 0.1359375
2 0.32265625 0.3734375 0.0171875 0.04453125
2 0.94296875 0.97421875 0.0515625 0.046875
2 0.35078125 0.38984375 0.0140625 0.046875
2 0.45234375 0.403125 0.01484375 0.05078125
2 0.47109375 0.53359375 0.02265625 0.0796875
2 0.39140625 0.45 0.02265625 0.0640625
2 0.10078125 0.4234375 0.03125 0.05546875
2 0.515625 0.51015625 0.02890625 0.078125
2 0.3984375 0.40078125 0.01640625 0.046875
2 0.50390625 0.45546875 0.02265625 0.0578125
2 0.55703125 0.471875 0.01875 0.0640625
3 0.60703125 0.39921875 0.09140625 0.17578125
1 0.1890625 0.4125 0.05625 0.09140625
1 0.6578125 0.61015625 0.1390625 0.20234375
1 0.79453125 0.6078125 0.17109375 0.2375