2 0.2421875 0.58203125 0.0328125 0.09765625
2 0.2078125 0.5046875 0.0265625 0.084375
2 0.45078125 0.28359375 0.0234375 0.03359375
2 0.3953125 0.27890625 0.0234375 0.0375
2 0.18359375 0.3265625 0.01484375 0.04921875
2 0.21640625 0.2859375 0.0125 0.02890625
2 0.4171875 0.278125 0.02265625 0.0359375
2 0.35234375 0.2796875 0.0328125 0.04453125
2 0.2234375 0.4546875 0.02109375 0.05546875
2 0.5375 0.27890625 0.0375 0.0375
2 0.48828125 0.27421875 0.0234375 0.0375
2 0.50703125 0.271875 0.0140625 0.03359375
2 0.19609375 0.353125 0.01484375 0.0578125
2 0.1546875 0.3 0.0265625 0.03125
2 0.20703125 0.33984375 0.01640625 0.053125
2 0.12421875 0.31640625 0.01875 0.0375
1 0.4546875 0.84765625 0.2484375 0.3