2 0.19296875 0.56875 0.02890625 0.09296875
2 0.53515625 0.51328125 0.0328125 0.0890625
2 0.16796875 0.42109375 0.01875 0.05546875
2 0.3515625 0.2921875 0.02265625 0.02421875
2 0.23515625 0.503125 0.02734375 0.06875
2 0.4265625 0.2703125 0.00859375 0.02421875
2 0.2 0.47109375 0.02734375 0.07109375
2 0.04609375 0.40859375 0.03984375 0.053125
2 0.0765625 0.39765625 0.02890625 0.04921875
2 0.41484375 0.2875 0.01015625 0.02890625
2 0.3234375 0.4890625 0.0359375 0.06640625
2 0.371875 0.2390625 0.00625 0.0203125
3 0.28828125 0.6 0.11640625 0.2