2 0.3625 0.684375 0.0546875 0.13359375
2 0.2421875 0.5578125 0.03125 0.084375
2 0.203125 0.50234375 0.02890625 0.084375
2 0.46328125 0.27578125 0.0234375 0.03125
2 0.3890625 0.28359375 0.0234375 0.03359375
2 0.55859375 0.2640625 0.0203125 0.03125
2 0.5265625 0.26796875 0.02109375 0.03359375
2 0.19765625 0.3703125 0.0171875 0.06015625
2 0.196875 0.42890625 0.02109375 0.0625
2 0.14921875 0.3796875 0.0234375 0.04921875
2 0.2140625 0.3609375 0.01875 0.05546875
2 0.4703125 0.24453125 0.0125 0.021875
1 0.44921875 0.8765625 0.2484375 0.2421875