2 0.3875 0.64765625 0.03515625 0.11796875
2 0.42578125 0.52890625 0.0265625 0.084375
2 0.4140625 0.88671875 0.0515625 0.15546875
2 0.3046875 0.5234375 0.04609375 0.08203125
2 0.3609375 0.57578125 0.02890625 0.09765625
2 0.7734375 0.953125 0.0859375 0.0890625
2 0.6609375 0.9109375 0.0609375 0.1734375
2 0.4046875 0.46328125 0.02265625 0.06875
2 0.20859375 0.3640625 0.01484375 0.04921875
2 0.6046875 0.703125 0.04375 0.1265625
2 0.5375 0.25078125 0.0171875 0.0265625
2 0.3515625 0.42890625 0.02265625 0.0578125
2 0.4265625 0.4296875 0.0171875 0.05546875
2 0.35546875 0.3359375 0.0140625 0.03984375
2 0.4734375 0.26875 0.0234375 0.03984375
2 0.44921875 0.77578125 0.04140625 0.146875
2 0.3765625 0.34453125 0.01484375 0.04453125
2 0.390625 0.32109375 0.0140625 0.0375
2 0.04609375 0.4078125 0.03984375 0.05078125
2 0.45859375 0.4046875 0.0203125 0.053125
2 0.409375 0.27578125 0.0234375 0.03984375
2 0.434375 0.2796875 0.0234375 0.0359375
2 0.55625 0.8140625 0.06484375 0.153125
2 0.3140625 0.2859375 0.0125 0.0421875
2 0.515625 0.6125 0.0390625 0.09140625
2 0.07265625 0.4 0.03515625 0.03984375
2 0.63515625 0.596875 0.0296875 0.08203125
2 0.5546875 0.60234375 0.0359375 0.10234375
2 0.64609375 0.65078125 0.0296875 0.09296875
2 0.48046875 0.50078125 0.0265625 0.0734375
2 0.33671875 0.2875 0.0234375 0.03359375
2 0.6828125 0.28359375 0.0265625 0.0375
2 0.459375 0.653125 0.0390625 0.09765625
2 0.459375 0.5578125 0.02890625 0.07109375
2 0.4546875 0.271875 0.01640625 0.03359375
2 0.640625 0.434375 0.02890625 0.0734375
2 0.40546875 0.38359375 0.01875 0.0375
2 0.5453125 0.6953125 0.05390625 0.084375
2 0.359375 0.28125 0.0234375 0.0375
2 0.9640625 0.778125 0.0703125 0.15546875
2 0.4671875 0.453125 0.0203125 0.053125
2 0.65078125 0.7765625 0.06640625 0.1046875
2 0.91484375 0.85859375 0.08515625 0.17578125
2 0.50234375 0.54296875 0.0328125 0.078125
2 0.5953125 0.9375 0.06640625 0.1203125
1 0.73984375 0.73359375 0.21015625 0.3203125