2 0.3984375 0.5609375 0.03125 0.1
2 0.459375 0.54765625 0.03125 0.1
2 0.365625 0.4125 0.01875 0.06875
2 0.38671875 0.45078125 0.02109375 0.06640625
2 0.565625 0.5640625 0.03359375 0.084375
2 0.33359375 0.5390625 0.02265625 0.08203125
2 0.63828125 0.7453125 0.0609375 0.11796875
2 0.51796875 0.5625 0.0359375 0.09765625
2 0.5296875 0.74765625 0.04609375 0.14453125
2 0.4609375 0.378125 0.0171875 0.053125
2 0.1890625 0.39765625 0.01875 0.0625
2 0.4265625 0.42890625 0.02265625 0.0625
2 0.74609375 0.91015625 0.08515625 0.1578125
2 0.6546875 0.921875 0.0734375 0.15078125
2 0.55234375 0.68671875 0.0328125 0.12421875
2 0.55 0.26875 0.0203125 0.0265625
2 0.46328125 0.2546875 0.0140625 0.02890625
2 0.57109375 0.91796875 0.07734375 0.16015625
2 0.50546875 0.27421875 0.0140625 0.03359375
2 0.4109375 0.41328125 0.01484375 0.053125
2 0.2 0.35859375 0.01484375 0.05546875
2 0.7796875 0.82109375 0.0515625 0.17109375
2 0.50234375 0.48203125 0.02734375 0.06640625
2 0.065625 0.46328125 0.0265625 0.06875
2 0.4375 0.38359375 0.0171875 0.05546875
2 0.44765625 0.265625 0.0203125 0.03359375
2 0.43515625 0.284375 0.0375 0.03125
2 0.6828125 0.28359375 0.0265625 0.0375
2 0.55390625 0.49140625 0.025 0.0578125
2 0.1484375 0.31796875 0.0203125 0.03984375
2 0.478125 0.43671875 0.02109375 0.0640625
2 0.4328125 0.35 0.0140625 0.0375
2 0.49140625 0.25703125 0.0171875 0.02421875
2 0.1921875 0.35546875 0.02734375 0.0625
1 0.7796875 0.6140625 0.17109375 0.19296875
1 0.6015625 0.43125 0.08984375 0.13359375
1 0.3484375 0.75 0.1953125 0.34921875