2 0.21328125 0.56796875 0.02890625 0.09140625
2 0.43359375 0.628125 0.03515625 0.1265625
2 0.3640625 0.41875 0.02265625 0.06015625
2 0.5859375 0.7390625 0.05625 0.14453125
2 0.5453125 0.6109375 0.0390625 0.10703125
2 0.71484375 0.7453125 0.06015625 0.13125
2 0.38359375 0.47578125 0.02734375 0.0796875
2 0.18671875 0.33359375 0.01640625 0.03984375
2 0.23046875 0.48671875 0.0265625 0.07578125
2 0.51953125 0.50859375 0.0265625 0.0796875
2 0.490625 0.45078125 0.0265625 0.07109375
2 0.5484375 0.28359375 0.02265625 0.02421875
2 0.84296875 0.84453125 0.0765625 0.18671875
2 0.44609375 0.5125 0.0296875 0.08671875
2 0.46484375 0.28203125 0.02734375 0.03125
2 0.6671875 0.953125 0.08125 0.0890625
2 0.4703125 0.7953125 0.04609375 0.146875
2 0.42734375 0.2796875 0.0328125 0.04453125
2 0.8234375 0.9390625 0.0890625 0.11796875
2 0.7359375 0.934375 0.07890625 0.1265625
2 0.5390625 0.4578125 0.0203125 0.06640625
2 0.38125 0.28671875 0.025 0.03125
2 0.3921875 0.3921875 0.0171875 0.05078125
2 0.44140625 0.3796875 0.0203125 0.04921875
2 0.534375 0.24921875 0.01640625 0.0265625
2 0.59375 0.2796875 0.0203125 0.0265625
2 0.44765625 0.4125 0.02265625 0.046875
2 0.4828125 0.41328125 0.02265625 0.053125
2 0.51796875 0.42109375 0.01875 0.05078125
1 0.7046875 0.54453125 0.1265625 0.16015625
1 0.5765625 0.4109375 0.075 0.10703125