2 0.51015625 0.93671875 0.07265625 0.121875
2 0.21640625 0.70859375 0.0421875 0.13359375
2 0.7125 0.915625 0.0796875 0.1640625
2 0.4078125 0.58203125 0.03359375 0.10234375
2 0.2828125 0.62578125 0.0359375 0.1
2 0.3828125 0.96875 0.06484375 0.0578125
2 0.2296875 0.53671875 0.0296875 0.08671875
2 0.609375 0.7 0.04609375 0.13359375
2 0.5421875 0.5921875 0.03515625 0.1
2 0.37734375 0.3859375 0.0171875 0.05546875
2 0.41015625 0.3890625 0.01484375 0.053125
2 0.221875 0.36640625 0.0140625 0.03984375
2 0.19921875 0.471875 0.0234375 0.06875
2 0.62734375 0.58203125 0.03515625 0.09296875
2 0.19375 0.34921875 0.0125 0.03984375
2 0.59921875 0.90546875 0.06640625 0.184375
2 0.42890625 0.4890625 0.025 0.0796875
2 0.17578125 0.33125 0.0140625 0.0359375
2 0.14765625 0.32890625 0.01484375 0.0359375
2 0.48046875 0.55 0.03359375 0.078125
2 0.21015625 0.4203125 0.02265625 0.053125
2 0.4765625 0.46796875 0.025 0.06015625
2 0.45390625 0.43984375 0.0171875 0.0625
2 0.4765625 0.35859375 0.0140625 0.0421875
2 0.43984375 0.3625 0.01484375 0.04453125
2 0.49296875 0.684375 0.04375 0.13359375
2 0.3984375 0.35859375 0.0140625 0.0421875
2 0.3578125 0.334375 0.0140625 0.046875
2 0.42109375 0.3421875 0.0125 0.03984375
2 0.51875 0.49296875 0.025 0.07578125
2 0.5609375 0.54453125 0.02109375 0.09296875
2 0.375 0.32421875 0.0125 0.0359375
2 0.55234375 0.46328125 0.025 0.046875
1 0.71328125 0.55078125 0.1390625 0.18671875
1 0.9234375 0.88203125 0.15 0.23125