2 0.22578125 0.9421875 0.07109375 0.1109375
2 0.0671875 0.67578125 0.0359375 0.115625
2 0.37890625 0.82109375 0.06015625 0.17109375
2 0.4953125 0.75078125 0.04609375 0.146875
2 0.52890625 0.95546875 0.06015625 0.084375
2 0.61796875 0.834375 0.05859375 0.153125
2 0.665625 0.77109375 0.0484375 0.1421875
2 0.42109375 0.57578125 0.0296875 0.09296875
2 0.52890625 0.6203125 0.03984375 0.10703125
2 0.08984375 0.5765625 0.0328125 0.08203125
2 0.3671875 0.5296875 0.025 0.078125
2 0.5109375 0.5078125 0.02890625 0.08671875
2 0.16875 0.3375 0.0171875 0.04921875
2 0.46484375 0.6421875 0.03984375 0.10234375
2 0.06640625 0.4625 0.025 0.07109375
2 0.39609375 0.46328125 0.0203125 0.06875
2 0.46328125 0.51015625 0.0234375 0.078125
2 0.43359375 0.4375 0.02265625 0.07109375
2 0.54609375 0.55 0.0296875 0.0953125
2 0.35625 0.68125 0.0453125 0.1046875
2 0.48515625 0.48671875 0.025 0.0796875
2 0.403125 0.40859375 0.01640625 0.04921875
2 0.34453125 0.33984375 0.0140625 0.04453125
2 0.3734375 0.38125 0.01875 0.046875
2 0.35625 0.35859375 0.0125 0.0375
2 0.36484375 0.4296875 0.02265625 0.06015625
2 0.4390625 0.54296875 0.0234375 0.078125
2 0.3765625 0.4765625 0.0203125 0.06015625
2 0.09453125 0.465625 0.0265625 0.06015625
1 0.24375 0.584375 0.1296875 0.21796875
1 0.87109375 0.85859375 0.2546875 0.278125
1 0.7875 0.61875 0.1671875 0.1890625
1 0.6078125 0.42890625 0.09140625 0.12421875
1 0.6640625 0.62109375 0.1390625 0.1890625