2 0.759375 0.8375 0.08125 0.15546875
2 0.5640625 0.90703125 0.06875 0.18203125
2 0.18984375 0.3765625 0.0171875 0.05078125
2 0.23046875 0.52578125 0.0265625 0.08203125
2 0.6546875 0.8234375 0.0703125 0.1796875
2 0.4546875 0.75546875 0.0578125 0.146875
2 0.19609375 0.503125 0.025 0.06875
2 0.3734375 0.5453125 0.02890625 0.08671875
2 0.5703125 0.68671875 0.04609375 0.12421875
2 0.690625 0.6109375 0.03125 0.1109375
2 0.490625 0.63203125 0.04140625 0.11796875
2 0.61953125 0.53203125 0.03125 0.09140625
2 0.5984375 0.63125 0.02734375 0.115625
2 0.5265625 0.61796875 0.0296875 0.09765625
2 0.5875 0.42421875 0.0296875 0.07109375
2 0.6671875 0.6796875 0.03984375 0.115625
2 0.4390625 0.65546875 0.04765625 0.09765625
2 0.459375 0.4109375 0.01875 0.0578125
2 0.44765625 0.478125 0.02265625 0.07109375
2 0.14296875 0.32109375 0.01640625 0.03359375
2 0.34921875 0.37421875 0.0140625 0.05078125
2 0.56484375 0.47890625 0.02734375 0.0640625
2 0.384375 0.3875 0.01640625 0.05078125
2 0.43203125 0.39296875 0.01640625 0.0578125
2 0.365625 0.39765625 0.01640625 0.04921875
2 0.5203125 0.50234375 0.0296875 0.07109375
2 0.5359375 0.45078125 0.0234375 0.0625
2 0.33671875 0.3203125 0.0109375 0.03984375
2 0.4140625 0.48671875 0.025 0.07109375
2 0.4859375 0.51875 0.03125 0.0640625
2 0.41484375 0.38984375 0.01484375 0.0640625
2 0.5765625 0.5375 0.03359375 0.07109375
2 0.3625 0.46875 0.02265625 0.0625
2 0.421875 0.5796875 0.03359375 0.09296875
2 0.40078125 0.4296875 0.01640625 0.06015625
1 0.3046875 0.82421875 0.1828125 0.30234375
1 0.9078125 0.76796875 0.18125 0.3578125