0 0.73046875 0.56328125 0.11640625 0.19296875
2 0.55859375 0.865625 0.0578125 0.1796875
2 0.31015625 0.6609375 0.03984375 0.10859375
2 0.77734375 0.846875 0.07265625 0.18203125
2 0.46015625 0.54296875 0.0296875 0.09140625
2 0.48984375 0.7765625 0.0578125 0.13984375
2 0.5921875 0.68125 0.03984375 0.11796875
2 0.1828125 0.33671875 0.01640625 0.05078125
2 0.68515625 0.80546875 0.03984375 0.14453125
2 0.571875 0.5046875 0.0265625 0.084375
2 0.6203125 0.62109375 0.03515625 0.11796875
2 0.6390625 0.95546875 0.08125 0.084375
2 0.37421875 0.4890625 0.0265625 0.0796875
2 0.51953125 0.47421875 0.0234375 0.0734375
2 0.50625 0.63203125 0.0375 0.10859375
2 0.40859375 0.58671875 0.0328125 0.084375
2 0.43125 0.5109375 0.025 0.084375
2 0.5453125 0.70234375 0.0484375 0.115625
2 0.70625 0.6625 0.0328125 0.10703125
2 0.64375 0.8578125 0.0625 0.15078125
2 0.4984375 0.50078125 0.02734375 0.06875
2 0.53828125 0.57890625 0.03359375 0.08203125
2 0.41875 0.35703125 0.01484375 0.05546875
2 0.41875 0.70859375 0.0296875 0.07578125
2 0.4390625 0.3640625 0.0171875 0.06640625
2 0.34453125 0.29921875 0.0140625 0.03359375
2 0.32265625 0.38359375 0.0171875 0.0640625
2 0.3859375 0.38359375 0.01484375 0.06875
2 0.09921875 0.4140625 0.0359375 0.0734375
2 0.40546875 0.46640625 0.02109375 0.0625
2 0.47265625 0.44296875 0.0171875 0.06875
2 0.34375 0.3421875 0.0125 0.0625
2 0.090625 0.41328125 0.01875 0.06640625
2 0.3984375 0.5265625 0.0296875 0.0796875
2 0.40390625 0.40234375 0.0171875 0.04921875
2 0.10625 0.421875 0.02265625 0.053125
2 0.3234375 0.334375 0.0171875 0.046875
2 0.459375 0.45703125 0.0234375 0.06015625
2 0.8484375 0.95234375 0.0984375 0.09140625
2 0.409375 0.696875 0.04609375 0.1
1 0.39296875 0.8453125 0.21640625 0.3046875
1 0.96640625 0.88984375 0.06484375 0.20703125